Identifier,Dataset,Subset,Source_Datatype,Model,Reference,Prediction,DeltaE,Abs_DeltaE,exclusion_type
BH76_10,BH46,Barrier Heights,Barrier Height,MACE-OMOL-0-100M,104.8000792760636,107.03195243887912,2.2318731628155177,2.2318731628155177,single_atom
BH76_13,BH46,Barrier Heights,Barrier Height,MACE-OMOL-0-100M,-0.6000007137361577,-3.823975979717588,-3.22397526598143,3.22397526598143,single_atom
BH76_17,BH46,Barrier Heights,Barrier Height,MACE-OMOL-0-100M,2.5000021372213586,2.476999766111527,-0.02300237110983172,0.02300237110983172,single_atom
BH76_21,BH46,Barrier Heights,Barrier Height,MACE-OMOL-0-100M,-12.300008984005968,-14.202724375303326,-1.9027153912973578,1.9027153912973578,single_atom
BH76_22,BH46,Barrier Heights,Barrier Height,MACE-OMOL-0-100M,19.80001476816057,19.860639797458383,0.06062502929781388,0.06062502929781388,single_atom
BH76_3,BH46,Barrier Heights,Barrier Height,MACE-OMOL-0-100M,42.100031673542496,43.28322543191385,1.1831937583713525,1.1831937583713525,single_atom
BH76_31,BH46,Barrier Heights,Barrier Height,MACE-OMOL-0-100M,3.200002133234244,5.104154475164793,1.904152341930549,1.904152341930549,single_atom
BH76_39,BH46,Barrier Heights,Barrier Height,MACE-OMOL-0-100M,6.100004537109882,7.101040963769691,1.0010364266598089,1.0010364266598089,single_atom
BH76_40,BH46,Barrier Heights,Barrier Height,MACE-OMOL-0-100M,8.000005960595084,11.127384065096416,3.1273781045013322,3.1273781045013322,single_atom
BH76_42,BH46,Barrier Heights,Barrier Height,MACE-OMOL-0-100M,21.600016281859567,23.77783244980481,2.1778161679452417,2.1778161679452417,single_atom
BH76_44,BH46,Barrier Heights,Barrier Height,MACE-OMOL-0-100M,15.000011568309205,19.779562046575595,4.7795504782663905,4.7795504782663905,single_atom
BH76_47,BH46,Barrier Heights,Barrier Height,MACE-OMOL-0-100M,9.700007564507882,11.427122621543118,1.7271150570352365,1.7271150570352365,single_atom
BH76_52,BH46,Barrier Heights,Barrier Height,MACE-OMOL-0-100M,6.800005160632242,10.77701680347697,3.9770116428447277,3.9770116428447277,single_atom
BH76_55,BH46,Barrier Heights,Barrier Height,MACE-OMOL-0-100M,1.6000010666171218,0.7023420230247979,-0.897659043592324,0.897659043592324,single_atom
BH76_56,BH46,Barrier Heights,Barrier Height,MACE-OMOL-0-100M,33.80002535607933,34.71895039035724,0.9189250342779118,0.9189250342779118,single_atom
BH76_57,BH46,Barrier Heights,Barrier Height,MACE-OMOL-0-100M,14.400010854573043,9.316035478864595,-5.083975375708448,5.083975375708448,single_atom
BH76_59,BH46,Barrier Heights,Barrier Height,MACE-OMOL-0-100M,2.900002403875639,6.381597778144186,3.481595374268547,3.481595374268547,single_atom
BH76_65,BH46,Barrier Heights,Barrier Height,MACE-OMOL-0-100M,10.400007560520766,3.4066996653142616,-6.993307895206504,6.993307895206504,single_atom
BH76_66,BH46,Barrier Heights,Barrier Height,MACE-OMOL-0-100M,9.900007384080284,11.125575224317268,1.2255678402369838,1.2255678402369838,single_atom
BH76_7,BH46,Barrier Heights,Barrier Height,MACE-OMOL-0-100M,30.50002331305889,32.68119226179144,2.181168948732548,2.181168948732548,single_atom
BH76_9,BH46,Barrier Heights,Barrier Height,MACE-OMOL-0-100M,1.5000011568309202,8.76375943284741,7.26375827601649,7.26375827601649,single_atom
BH9_817,BH876,Barrier Heights,Barrier Height,MACE-OMOL-0-100M,-3.2100002416844418,-4.239015639281641,-1.0290153975971994,1.0290153975971994,single_atom
BH9_819,BH876,Barrier Heights,Barrier Height,MACE-OMOL-0-100M,14.280000295168543,15.991287891060985,1.7112875958924416,1.7112875958924416,single_atom
BH9_826,BH876,Barrier Heights,Barrier Height,MACE-OMOL-0-100M,4.560000278817111,4.972963567718896,0.4129632889017847,0.4129632889017847,single_atom
ORBH35_CO3_17,ORBH35,Barrier Heights,Barrier Height,MACE-OMOL-0-100M,21.755060067691364,4.272707507350364,-17.482352560341,17.482352560341,single_atom
ORBH35_CO3_18,ORBH35,Barrier Heights,Barrier Height,MACE-OMOL-0-100M,76.69131949350411,67.62074115462164,-9.07057833888247,9.07057833888247,single_atom
ORBH35_CO3_19,ORBH35,Barrier Heights,Barrier Height,MACE-OMOL-0-100M,62.554614751794006,54.490532354236535,-8.06408239755747,8.06408239755747,single_atom
DBH24_1,DBH22,Proton Transfer,Barrier Height,MACE-OMOL-0-100M,17.189999552475435,18.201885034450942,1.0118854819755079,1.0118854819755079,single_atom
DBH24_11,DBH22,Proton Transfer,Barrier Height,MACE-OMOL-0-100M,10.649999804872582,11.7368131269105,1.0868133220379175,1.0868133220379175,single_atom
DBH24_12,DBH22,Proton Transfer,Barrier Height,MACE-OMOL-0-100M,3.76999973648717,8.862625923995866,5.092626187508696,5.092626187508696,single_atom
DBH24_15,DBH22,Proton Transfer,Barrier Height,MACE-OMOL-0-100M,59.32999730442081,64.45852849665656,5.128531192235748,5.128531192235748,single_atom
DBH24_18,DBH22,Proton Transfer,Barrier Height,MACE-OMOL-0-100M,17.7699990292354,16.046474332778484,-1.7235246964569164,1.7235246964569164,single_atom
DBH24_2,DBH22,Proton Transfer,Barrier Height,MACE-OMOL-0-100M,17.59999918259886,17.892725803493235,0.2927266208943742,0.2927266208943742,single_atom
DBH24_23,DBH22,Proton Transfer,Barrier Height,MACE-OMOL-0-100M,12.89999965759054,8.044281009104838,-4.855718648485702,4.855718648485702,single_atom
DBH24_7,DBH22,Proton Transfer,Barrier Height,MACE-OMOL-0-100M,14.31999963157355,16.741075882080064,2.4210762505065144,2.4210762505065144,single_atom
DBH24_8,DBH22,Proton Transfer,Barrier Height,MACE-OMOL-0-100M,1.830000231615912,5.262342787821626,3.4323425562057137,3.4323425562057137,single_atom
BDE99_1,BDE99MR,Bond Dissociation Energies,Thermochemistry,MACE-OMOL-0-100M,-17.64999913749196,-22.1915000447248,-4.541500907232841,4.541500907232841,single_atom
BDE99_12,BDE99MR,Bond Dissociation Energies,Thermochemistry,MACE-OMOL-0-100M,-105.5799957411454,-109.32272897812024,-3.7427332369748427,3.7427332369748427,single_atom
BDE99_3,BDE99MR,Bond Dissociation Energies,Thermochemistry,MACE-OMOL-0-100M,-62.66999742882732,-62.785864453838855,-0.11586702501153212,0.11586702501153212,single_atom
BDE99_4,BDE99MR,Bond Dissociation Energies,Thermochemistry,MACE-OMOL-0-100M,-60.939997734507074,-54.528786811306674,6.4112109232004,6.4112109232004,single_atom
BDE99_5,BDE99MR,Bond Dissociation Energies,Thermochemistry,MACE-OMOL-0-100M,-5.560000004188602,-1.2732583943775893,4.2867416098110125,4.2867416098110125,single_atom
BDE99_55,BDE99MR,Bond Dissociation Energies,Thermochemistry,MACE-OMOL-0-100M,-57.7599974657585,-64.56009985690551,-6.800102391147007,6.800102391147007,single_atom
BDE99_57,BDE99MR,Bond Dissociation Energies,Thermochemistry,MACE-OMOL-0-100M,-85.86999657952926,-87.30901504035981,-1.4390184608305532,1.4390184608305532,single_atom
BDE99_58,BDE99MR,Bond Dissociation Energies,Thermochemistry,MACE-OMOL-0-100M,-26.59999859347069,-28.374641173288044,-1.7746425798173533,1.7746425798173533,single_atom
BDE99_6,BDE99MR,Bond Dissociation Energies,Thermochemistry,MACE-OMOL-0-100M,-81.6499966214947,-86.36533337003917,-4.715336748544473,4.715336748544473,single_atom
BDE99_7,BDE99MR,Bond Dissociation Energies,Thermochemistry,MACE-OMOL-0-100M,-13.89999938296203,-17.919347686487455,-4.019348303525426,4.019348303525426,single_atom
BDE99_8,BDE99MR,Bond Dissociation Energies,Thermochemistry,MACE-OMOL-0-100M,-36.009998261975426,-29.90445230327141,6.105545958704017,6.105545958704017,single_atom
BDE99_9,BDE99MR,Bond Dissociation Energies,Thermochemistry,MACE-OMOL-0-100M,-40.6999984235146,-49.48251290111993,-8.782514477605332,8.782514477605332,single_atom
BDE99_97,BDE99MR,Bond Dissociation Energies,Thermochemistry,MACE-OMOL-0-100M,-65.97999758029796,-63.544967588620366,2.4350299916775953,2.4350299916775953,single_atom
BDE99_10,BDE99nonMR,Bond Dissociation Energies,Thermochemistry,MACE-OMOL-0-100M,-100.7799956788414,-96.25170661289448,4.528289065946922,4.528289065946922,single_atom
BDE99_11,BDE99nonMR,Bond Dissociation Energies,Thermochemistry,MACE-OMOL-0-100M,-59.019997584083576,-54.59090393748941,4.429093646594168,4.429093646594168,single_atom
BDE99_13,BDE99nonMR,Bond Dissociation Energies,Thermochemistry,MACE-OMOL-0-100M,-51.44999813817338,-52.47146903610304,-1.0214708979296603,1.0214708979296603,single_atom
BDE99_14,BDE99nonMR,Bond Dissociation Energies,Thermochemistry,MACE-OMOL-0-100M,-75.13999684682771,-79.23344043929093,-4.093443592463217,4.093443592463217,single_atom
BDE99_15,BDE99nonMR,Bond Dissociation Energies,Thermochemistry,MACE-OMOL-0-100M,-118.09999511403888,-134.77577368179888,-16.675778567760005,16.675778567760005,single_atom
BDE99_16,BDE99nonMR,Bond Dissociation Energies,Thermochemistry,MACE-OMOL-0-100M,-42.3599981809845,-44.986613333644414,-2.626615152659916,2.626615152659916,single_atom
BDE99_17,BDE99nonMR,Bond Dissociation Energies,Thermochemistry,MACE-OMOL-0-100M,-84.76999631686209,-82.66605808475295,2.1039382321091438,2.1039382321091438,single_atom
BDE99_19,BDE99nonMR,Bond Dissociation Energies,Thermochemistry,MACE-OMOL-0-100M,-116.8499949866924,-117.87061749208064,-1.0206225053882463,1.0206225053882463,single_atom
BDE99_20,BDE99nonMR,Bond Dissociation Energies,Thermochemistry,MACE-OMOL-0-100M,-215.1099910563931,-209.68981403838944,5.42017701800367,5.42017701800367,single_atom
BDE99_24,BDE99nonMR,Bond Dissociation Energies,Thermochemistry,MACE-OMOL-0-100M,-53.13999786857913,-50.84564149986066,2.294356368718468,2.294356368718468,single_atom
BDE99_25,BDE99nonMR,Bond Dissociation Energies,Thermochemistry,MACE-OMOL-0-100M,-122.7899946480686,-122.60463021480682,0.18536443326178187,0.18536443326178187,single_atom
BDE99_28,BDE99nonMR,Bond Dissociation Energies,Thermochemistry,MACE-OMOL-0-100M,-43.04999818601876,-40.514174229412994,2.5358239566057676,2.5358239566057676,single_atom
BDE99_30,BDE99nonMR,Bond Dissociation Energies,Thermochemistry,MACE-OMOL-0-100M,-173.5299927992505,-176.85319898272022,-3.323206183469722,3.323206183469722,single_atom
BDE99_34,BDE99nonMR,Bond Dissociation Energies,Thermochemistry,MACE-OMOL-0-100M,-161.84999329607052,-163.60581710019142,-1.7558238041208938,1.7558238041208938,single_atom
BDE99_35,BDE99nonMR,Bond Dissociation Energies,Thermochemistry,MACE-OMOL-0-100M,-124.31999515032588,-124.20284591539534,0.11714923493053675,0.11714923493053675,single_atom
BDE99_36,BDE99nonMR,Bond Dissociation Energies,Thermochemistry,MACE-OMOL-0-100M,-95.23999628411951,-91.02332300854324,4.2166732755762695,4.2166732755762695,single_atom
BDE99_37,BDE99nonMR,Bond Dissociation Energies,Thermochemistry,MACE-OMOL-0-100M,-183.90999222019084,-182.26099413456507,1.6489980856257773,1.6489980856257773,single_atom
BDE99_38,BDE99nonMR,Bond Dissociation Energies,Thermochemistry,MACE-OMOL-0-100M,-19.68999917965889,-19.667422124572543,0.022577055086347997,0.022577055086347997,single_atom
BDE99_39,BDE99nonMR,Bond Dissociation Energies,Thermochemistry,MACE-OMOL-0-100M,-195.19999207520456,-204.7609718106244,-9.560979735419835,9.560979735419835,single_atom
BDE99_40,BDE99nonMR,Bond Dissociation Energies,Thermochemistry,MACE-OMOL-0-100M,-108.55999556281208,-107.71989446357414,0.8401010992379412,0.8401010992379412,single_atom
BDE99_41,BDE99nonMR,Bond Dissociation Energies,Thermochemistry,MACE-OMOL-0-100M,-130.40999467638136,-133.57165425176635,-3.161659575384988,3.161659575384988,single_atom
BDE99_43,BDE99nonMR,Bond Dissociation Energies,Thermochemistry,MACE-OMOL-0-100M,-42.82999838448911,-43.75200918976685,-0.9220108052777434,0.9220108052777434,single_atom
BDE99_45,BDE99nonMR,Bond Dissociation Energies,Thermochemistry,MACE-OMOL-0-100M,-35.1899983742191,-35.16225962107822,0.02773875314088059,0.02773875314088059,single_atom
BDE99_46,BDE99nonMR,Bond Dissociation Energies,Thermochemistry,MACE-OMOL-0-100M,-100.0299957279354,-95.69789948143612,4.332096246499276,4.332096246499276,single_atom
BDE99_47,BDE99nonMR,Bond Dissociation Energies,Thermochemistry,MACE-OMOL-0-100M,-107.66999573820544,-104.28764905012476,3.3823466880806876,3.3823466880806876,single_atom
BDE99_48,BDE99nonMR,Bond Dissociation Energies,Thermochemistry,MACE-OMOL-0-100M,-103.18999601472676,-100.21380224740696,2.976193767319799,2.976193767319799,single_atom
BDE99_50,BDE99nonMR,Bond Dissociation Energies,Thermochemistry,MACE-OMOL-0-100M,-22.82999885698352,-23.571897718205825,-0.7418988612223067,0.7418988612223067,single_atom
BDE99_51,BDE99nonMR,Bond Dissociation Energies,Thermochemistry,MACE-OMOL-0-100M,-132.06999443385126,-130.26889483544397,1.8010995984072906,1.8010995984072906,single_atom
BDE99_52,BDE99nonMR,Bond Dissociation Energies,Thermochemistry,MACE-OMOL-0-100M,-229.1999902679489,-250.39286839012036,-21.192878122171464,21.192878122171464,single_atom
BDE99_54,BDE99nonMR,Bond Dissociation Energies,Thermochemistry,MACE-OMOL-0-100M,-96.17999606361928,-93.24562219615336,2.934373867465922,2.934373867465922,single_atom
BDE99_59,BDE99nonMR,Bond Dissociation Energies,Thermochemistry,MACE-OMOL-0-100M,-93.55999591718287,-100.15055136936064,-6.590555452177767,6.590555452177767,single_atom
BDE99_61,BDE99nonMR,Bond Dissociation Energies,Thermochemistry,MACE-OMOL-0-100M,-77.39999669052429,-76.94489917174408,0.45509751878020666,0.45509751878020666,single_atom
BDE99_62,BDE99nonMR,Bond Dissociation Energies,Thermochemistry,MACE-OMOL-0-100M,-60.87999778863536,-63.93457202678803,-3.054574238152675,3.054574238152675,single_atom
BDE99_63,BDE99nonMR,Bond Dissociation Energies,Thermochemistry,MACE-OMOL-0-100M,-68.32999734280212,-62.718282098276845,5.611715244525271,5.611715244525271,single_atom
BDE99_64,BDE99nonMR,Bond Dissociation Energies,Thermochemistry,MACE-OMOL-0-100M,-54.70999770724145,-51.12355635674263,3.5864413504988164,3.5864413504988164,single_atom
BDE99_65,BDE99nonMR,Bond Dissociation Energies,Thermochemistry,MACE-OMOL-0-100M,-125.76999509724476,-122.04418322601276,3.725811871231997,3.725811871231997,single_atom
BDE99_69,BDE99nonMR,Bond Dissociation Energies,Thermochemistry,MACE-OMOL-0-100M,-141.76999384073596,-156.44698674869585,-14.676992907959885,14.676992907959885,single_atom
BDE99_70,BDE99nonMR,Bond Dissociation Energies,Thermochemistry,MACE-OMOL-0-100M,-65.46999741287885,-60.88666760217676,4.5833298107020966,4.5833298107020966,single_atom
BDE99_71,BDE99nonMR,Bond Dissociation Energies,Thermochemistry,MACE-OMOL-0-100M,-115.4299950127094,-112.0316212741674,3.3983737385419914,3.3983737385419914,single_atom
BDE99_72,BDE99nonMR,Bond Dissociation Energies,Thermochemistry,MACE-OMOL-0-100M,-99.49999557855908,-95.34367376398264,4.156321814576444,4.156321814576444,single_atom
BDE99_76,BDE99nonMR,Bond Dissociation Energies,Thermochemistry,MACE-OMOL-0-100M,-127.80999451190225,-128.7338788054254,-0.9238842935231588,0.9238842935231588,single_atom
BDE99_79,BDE99nonMR,Bond Dissociation Energies,Thermochemistry,MACE-OMOL-0-100M,-86.14999632693062,-83.27931070323321,2.870685623697412,2.870685623697412,single_atom
BDE99_80,BDE99nonMR,Bond Dissociation Energies,Thermochemistry,MACE-OMOL-0-100M,-40.55999854981392,-41.414088301940446,-0.8540897521265265,0.8540897521265265,single_atom
BDE99_81,BDE99nonMR,Bond Dissociation Energies,Thermochemistry,MACE-OMOL-0-100M,-169.18999294947247,-162.88040528601869,6.309587663453783,6.309587663453783,single_atom
BDE99_82,BDE99nonMR,Bond Dissociation Energies,Thermochemistry,MACE-OMOL-0-100M,-132.30999421733813,-130.44745536692702,1.862538850411113,1.862538850411113,single_atom
BDE99_84,BDE99nonMR,Bond Dissociation Energies,Thermochemistry,MACE-OMOL-0-100M,-139.3599941323601,-132.59325738670782,6.766736745652281,6.766736745652281,single_atom
BDE99_86,BDE99nonMR,Bond Dissociation Energies,Thermochemistry,MACE-OMOL-0-100M,-115.08999531943633,-113.2825156391171,1.8074796803192328,1.8074796803192328,single_atom
BDE99_87,BDE99nonMR,Bond Dissociation Energies,Thermochemistry,MACE-OMOL-0-100M,-112.54999510082892,-107.04037755668502,5.509617544143907,5.509617544143907,single_atom
BDE99_88,BDE99nonMR,Bond Dissociation Energies,Thermochemistry,MACE-OMOL-0-100M,-117.12999536160324,-113.63994607815714,3.4900492834460977,3.4900492834460977,single_atom
BDE99_89,BDE99nonMR,Bond Dissociation Energies,Thermochemistry,MACE-OMOL-0-100M,-106.51999552064515,-113.52330068459209,-7.0033051639469335,7.0033051639469335,single_atom
BDE99_90,BDE99nonMR,Bond Dissociation Energies,Thermochemistry,MACE-OMOL-0-100M,-126.05999483562476,-130.7905781929909,-4.730583357366129,4.730583357366129,single_atom
BDE99_91,BDE99nonMR,Bond Dissociation Energies,Thermochemistry,MACE-OMOL-0-100M,-104.09999582129066,-100.53989183493847,3.560103986352189,3.560103986352189,single_atom
BDE99_93,BDE99nonMR,Bond Dissociation Energies,Thermochemistry,MACE-OMOL-0-100M,-104.52999543337133,-106.77316525076192,-2.2431698173905943,2.2431698173905943,single_atom
BDE99_94,BDE99nonMR,Bond Dissociation Energies,Thermochemistry,MACE-OMOL-0-100M,-82.31999664457172,-75.3677270954786,6.952269549093117,6.952269549093117,single_atom
BDE99_95,BDE99nonMR,Bond Dissociation Energies,Thermochemistry,MACE-OMOL-0-100M,-86.31999617356716,-87.32600188930998,-1.0060057157428162,1.0060057157428162,single_atom
BDE99_96,BDE99nonMR,Bond Dissociation Energies,Thermochemistry,MACE-OMOL-0-100M,-134.1599944309113,-132.39947872281004,1.7605157081012521,1.7605157081012521,single_atom
HAT707_10,HAT707MR,Bond Dissociation Energies,Thermochemistry,MACE-OMOL-0-100M,100.9399958273404,89.58151117486474,-11.358484652475653,11.358484652475653,single_atom
HAT707_103,HAT707MR,Bond Dissociation Energies,Thermochemistry,MACE-OMOL-0-100M,-111.77999516796568,-115.43003812439548,-3.6500429564298003,3.6500429564298003,single_atom
HAT707_108,HAT707MR,Bond Dissociation Energies,Thermochemistry,MACE-OMOL-0-100M,21.74999920378307,22.960962487619675,1.2109632838366053,1.2109632838366053,single_atom
HAT707_109,HAT707MR,Bond Dissociation Energies,Thermochemistry,MACE-OMOL-0-100M,23.61999877180399,26.002225460818675,2.3822266890146864,2.3822266890146864,single_atom
HAT707_11,HAT707MR,Bond Dissociation Energies,Thermochemistry,MACE-OMOL-0-100M,52.46999784550211,47.79361499470048,-4.67638285080163,4.67638285080163,single_atom
HAT707_117,HAT707MR,Bond Dissociation Energies,Thermochemistry,MACE-OMOL-0-100M,17.539999236727137,13.342505556740374,-4.1974936799867635,4.1974936799867635,single_atom
HAT707_119,HAT707MR,Bond Dissociation Energies,Thermochemistry,MACE-OMOL-0-100M,115.06999533747909,108.27854901731888,-6.791446320160205,6.791446320160205,single_atom
HAT707_120,HAT707MR,Bond Dissociation Energies,Thermochemistry,MACE-OMOL-0-100M,201.13999168527053,200.95894315401696,-0.18104853125356613,0.18104853125356613,single_atom
HAT707_121,HAT707MR,Bond Dissociation Energies,Thermochemistry,MACE-OMOL-0-100M,178.0799926385257,173.66793029760083,-4.4120623409248765,4.4120623409248765,single_atom
HAT707_122,HAT707MR,Bond Dissociation Energies,Thermochemistry,MACE-OMOL-0-100M,118.81999508821634,112.55070137554571,-6.269293712670631,6.269293712670631,single_atom
HAT707_123,HAT707MR,Bond Dissociation Energies,Thermochemistry,MACE-OMOL-0-100M,197.04999185434352,197.2473992138012,0.19740735945768506,0.19740735945768506,single_atom
HAT707_124,HAT707MR,Bond Dissociation Energies,Thermochemistry,MACE-OMOL-0-100M,218.0199909874852,214.7542902654646,-3.265700722020597,3.265700722020597,single_atom
HAT707_125,HAT707MR,Bond Dissociation Energies,Thermochemistry,MACE-OMOL-0-100M,92.01999605145645,80.98753616092374,-11.032459890532706,11.032459890532706,single_atom
HAT707_126,HAT707MR,Bond Dissociation Energies,Thermochemistry,MACE-OMOL-0-100M,204.98999152611952,199.0850377891884,-5.904953736931134,5.904953736931134,single_atom
HAT707_129,HAT707MR,Bond Dissociation Energies,Thermochemistry,MACE-OMOL-0-100M,79.64999670742696,78.57946813088776,-1.0705285765392034,1.0705285765392034,single_atom
HAT707_130,HAT707MR,Bond Dissociation Energies,Thermochemistry,MACE-OMOL-0-100M,206.64999145749803,208.1426827365051,1.4926912790070617,1.4926912790070617,single_atom
HAT707_16,HAT707MR,Bond Dissociation Energies,Thermochemistry,MACE-OMOL-0-100M,88.55999633910517,87.17344314484973,-1.3865531942554412,1.3865531942554412,single_atom
HAT707_161,HAT707MR,Bond Dissociation Energies,Thermochemistry,MACE-OMOL-0-100M,233.119990363281,231.65862249436245,-1.4613678689185576,1.4613678689185576,single_atom
HAT707_17,HAT707MR,Bond Dissociation Energies,Thermochemistry,MACE-OMOL-0-100M,54.129997602972,56.851259942017215,2.721262339045218,2.721262339045218,single_atom
HAT707_176,HAT707MR,Bond Dissociation Energies,Thermochemistry,MACE-OMOL-0-100M,-27.29999858948358,-35.42419256931845,-8.124193979834871,8.124193979834871,single_atom
HAT707_181,HAT707MR,Bond Dissociation Energies,Thermochemistry,MACE-OMOL-0-100M,106.22999578226516,102.96680804269673,-3.263187739568437,3.263187739568437,single_atom
HAT707_182,HAT707MR,Bond Dissociation Energies,Thermochemistry,MACE-OMOL-0-100M,108.09999553136022,106.00807101589572,-2.0919245154644983,2.0919245154644983,single_atom
HAT707_188,HAT707MR,Bond Dissociation Energies,Thermochemistry,MACE-OMOL-0-100M,94.15999610761192,115.92915919128966,21.76916308367774,21.76916308367774,single_atom
HAT707_189,HAT707MR,Bond Dissociation Energies,Thermochemistry,MACE-OMOL-0-100M,71.09999706086647,88.63814633487355,17.538149274007083,17.538149274007083,single_atom
HAT707_190,HAT707MR,Bond Dissociation Energies,Thermochemistry,MACE-OMOL-0-100M,90.06999627668488,112.21761525107388,22.147618974389005,22.147618974389005,single_atom
HAT707_191,HAT707MR,Bond Dissociation Energies,Thermochemistry,MACE-OMOL-0-100M,111.03999540982656,129.72450630269535,18.684510892868786,18.684510892868786,single_atom
HAT707_192,HAT707MR,Bond Dissociation Energies,Thermochemistry,MACE-OMOL-0-100M,98.0099959484609,114.05525382646104,16.045257878000143,16.045257878000143,single_atom
HAT707_196,HAT707MR,Bond Dissociation Energies,Thermochemistry,MACE-OMOL-0-100M,99.6699958798394,123.11289877378827,23.44290289394887,23.44290289394887,single_atom
HAT707_2,HAT707MR,Bond Dissociation Energies,Thermochemistry,MACE-OMOL-0-100M,123.98999487449908,116.87252403130182,-7.117470843197253,7.117470843197253,single_atom
HAT707_221,HAT707MR,Bond Dissociation Energies,Thermochemistry,MACE-OMOL-0-100M,-145.50999423179678,-128.42966298666954,17.08033124512724,17.08033124512724,single_atom
HAT707_236,HAT707MR,Bond Dissociation Energies,Thermochemistry,MACE-OMOL-0-100M,94.97999607371467,110.4433798480072,15.463383774292524,15.463383774292524,single_atom
HAT707_237,HAT707MR,Bond Dissociation Energies,Thermochemistry,MACE-OMOL-0-100M,126.13999478562236,146.62883853164564,20.488843746023278,20.488843746023278,single_atom
HAT707_260,HAT707MR,Bond Dissociation Energies,Thermochemistry,MACE-OMOL-0-100M,38.35999865198906,56.105477182146494,17.745478530157435,17.745478530157435,single_atom
HAT707_261,HAT707MR,Bond Dissociation Energies,Thermochemistry,MACE-OMOL-0-100M,-62.009997396728906,-61.39193470796644,0.6180626887624641,0.6180626887624641,single_atom
HAT707_262,HAT707MR,Bond Dissociation Energies,Thermochemistry,MACE-OMOL-0-100M,35.42999878521545,29.6990808864416,-5.730917898773853,5.730917898773853,single_atom
HAT707_263,HAT707MR,Bond Dissociation Energies,Thermochemistry,MACE-OMOL-0-100M,62.22999719825855,61.26224610107408,-0.9677510971844683,0.9677510971844683,single_atom
HAT707_264,HAT707MR,Bond Dissociation Energies,Thermochemistry,MACE-OMOL-0-100M,39.17999853974538,33.97123324465797,-5.20876529508741,5.20876529508741,single_atom
HAT707_265,HAT707MR,Bond Dissociation Energies,Thermochemistry,MACE-OMOL-0-100M,58.14999774143416,57.550702160816336,-0.5992955806178273,0.5992955806178273,single_atom
HAT707_266,HAT707MR,Bond Dissociation Energies,Thermochemistry,MACE-OMOL-0-100M,29.439998541436715,37.17658589447567,7.736587353038956,7.736587353038956,single_atom
HAT707_267,HAT707MR,Bond Dissociation Energies,Thermochemistry,MACE-OMOL-0-100M,79.11999672933624,75.05759321239587,-4.062403516940364,4.062403516940364,single_atom
HAT707_268,HAT707MR,Bond Dissociation Energies,Thermochemistry,MACE-OMOL-0-100M,12.369999508214198,2.408068030004516,-9.961931478209682,9.961931478209682,single_atom
HAT707_269,HAT707MR,Bond Dissociation Energies,Thermochemistry,MACE-OMOL-0-100M,66.08999726796996,59.38834073620352,-6.701656531766446,6.701656531766446,single_atom
HAT707_273,HAT707MR,Bond Dissociation Energies,Thermochemistry,MACE-OMOL-0-100M,67.7499971993491,68.44598568355171,0.6959884842026156,0.6959884842026156,single_atom
HAT707_296,HAT707MR,Bond Dissociation Energies,Thermochemistry,MACE-OMOL-0-100M,-67.12999717034874,-63.46008685528914,3.669910315059603,3.669910315059603,single_atom
HAT707_297,HAT707MR,Bond Dissociation Energies,Thermochemistry,MACE-OMOL-0-100M,-71.2499972185971,-72.31226498424992,-1.0622677656528197,1.0622677656528197,single_atom
HAT707_3,HAT707MR,Bond Dissociation Energies,Thermochemistry,MACE-OMOL-0-100M,48.619998181185984,49.667520359529085,1.047522178343101,1.047522178343101,single_atom
HAT707_315,HAT707MR,Bond Dissociation Energies,Thermochemistry,MACE-OMOL-0-100M,-110.70999550574386,-131.8881199330021,-21.178124427258226,21.178124427258226,single_atom
HAT707_316,HAT707MR,Bond Dissociation Energies,Thermochemistry,MACE-OMOL-0-100M,63.05999739322439,55.77646675779163,-7.283530635432761,7.283530635432761,single_atom
HAT707_317,HAT707MR,Bond Dissociation Energies,Thermochemistry,MACE-OMOL-0-100M,94.21999610513204,91.9619254414091,-2.258070663722947,2.258070663722947,single_atom
HAT707_325,HAT707MR,Bond Dissociation Energies,Thermochemistry,MACE-OMOL-0-100M,-74.7399972076829,-76.84329787428,-2.103300666597093,2.103300666597093,single_atom
HAT707_330,HAT707MR,Bond Dissociation Energies,Thermochemistry,MACE-OMOL-0-100M,-79.2299969221402,-78.5568744357816,0.6731224863586078,0.6731224863586078,single_atom
HAT707_334,HAT707MR,Bond Dissociation Energies,Thermochemistry,MACE-OMOL-0-100M,-72.98999690389596,-78.89999726184546,-5.9100003579494995,5.9100003579494995,single_atom
HAT707_336,HAT707MR,Bond Dissociation Energies,Thermochemistry,MACE-OMOL-0-100M,-89.62999632503781,-107.48726793725584,-17.857271612218028,17.857271612218028,single_atom
HAT707_339,HAT707MR,Bond Dissociation Energies,Thermochemistry,MACE-OMOL-0-100M,-79.64999654324225,-78.57946813090349,1.07052841233876,1.07052841233876,single_atom
HAT707_341,HAT707MR,Bond Dissociation Energies,Thermochemistry,MACE-OMOL-0-100M,-129.43999492394573,-136.4996816139605,-7.0596866900147575,7.0596866900147575,single_atom
HAT707_346,HAT707MR,Bond Dissociation Energies,Thermochemistry,MACE-OMOL-0-100M,-73.04999684976768,-71.01427282415581,2.03572402561187,2.03572402561187,single_atom
HAT707_349,HAT707MR,Bond Dissociation Energies,Thermochemistry,MACE-OMOL-0-100M,60.47999752198108,67.37672778794325,6.896730265962169,6.896730265962169,single_atom
HAT707_350,HAT707MR,Bond Dissociation Energies,Thermochemistry,MACE-OMOL-0-100M,62.34999771751146,70.41799076114225,8.067993043630793,8.067993043630793,single_atom
HAT707_354,HAT707MR,Bond Dissociation Energies,Thermochemistry,MACE-OMOL-0-100M,-9.71999938884196,-8.799555898134685,0.9204434907072745,0.9204434907072745,single_atom
HAT707_355,HAT707MR,Bond Dissociation Energies,Thermochemistry,MACE-OMOL-0-100M,14.029999265684092,11.465712977352707,-2.5642862883313846,2.5642862883313846,single_atom
HAT707_358,HAT707MR,Bond Dissociation Energies,Thermochemistry,MACE-OMOL-0-100M,21.38999890104327,18.233367909067915,-3.156630991975355,3.156630991975355,single_atom
HAT707_359,HAT707MR,Bond Dissociation Energies,Thermochemistry,MACE-OMOL-0-100M,-5.510000049295501,-7.183739582498614,-1.673739533203113,1.673739533203113,single_atom
HAT707_360,HAT707MR,Bond Dissociation Energies,Thermochemistry,MACE-OMOL-0-100M,-28.569998698787284,-34.47475243887278,-5.904753740085493,5.904753740085493,single_atom
HAT707_361,HAT707MR,Bond Dissociation Energies,Thermochemistry,MACE-OMOL-0-100M,25.1399986555732,22.50552026732623,-2.634478388246972,2.634478388246972,single_atom
HAT707_362,HAT707MR,Bond Dissociation Energies,Thermochemistry,MACE-OMOL-0-100M,-9.599999497098516,-10.895283522714406,-1.2952840256158904,1.2952840256158904,single_atom
HAT707_363,HAT707MR,Bond Dissociation Energies,Thermochemistry,MACE-OMOL-0-100M,55.49999762206192,51.15980079237034,-4.340196829691578,4.340196829691578,single_atom
HAT707_364,HAT707MR,Bond Dissociation Energies,Thermochemistry,MACE-OMOL-0-100M,26.78999904957395,30.78568452602967,3.9956854764557193,3.9956854764557193,single_atom
HAT707_365,HAT707MR,Bond Dissociation Energies,Thermochemistry,MACE-OMOL-0-100M,11.369999782842708,6.611607528949026,-4.758392253893682,4.758392253893682,single_atom
HAT707_366,HAT707MR,Bond Dissociation Energies,Thermochemistry,MACE-OMOL-0-100M,-1.6599997574698946,-9.05764494732722,-7.397645189857324,7.397645189857324,single_atom
HAT707_367,HAT707MR,Bond Dissociation Energies,Thermochemistry,MACE-OMOL-0-100M,-5.649999922996183,-10.421955689858772,-4.771955766862589,4.771955766862589,single_atom
HAT707_368,HAT707MR,Bond Dissociation Energies,Thermochemistry,MACE-OMOL-0-100M,36.05999821686853,29.741295097874907,-6.318703118993621,6.318703118993621,single_atom
HAT707_370,HAT707MR,Bond Dissociation Energies,Thermochemistry,MACE-OMOL-0-100M,-12.369999508214198,-15.19045726662263,-2.8204577584084323,2.8204577584084323,single_atom
HAT707_371,HAT707MR,Bond Dissociation Energies,Thermochemistry,MACE-OMOL-0-100M,-14.029999265684092,-11.465712977352707,2.5642862883313846,2.5642862883313846,single_atom
HAT707_372,HAT707MR,Bond Dissociation Energies,Thermochemistry,MACE-OMOL-0-100M,-22.059998924120293,-27.34285950814552,-5.282860584025226,5.282860584025226,single_atom
HAT707_373,HAT707MR,Bond Dissociation Energies,Thermochemistry,MACE-OMOL-0-100M,10.709999750744302,6.90396759750101,-3.806032153243292,3.806032153243292,single_atom
HAT707_374,HAT707MR,Bond Dissociation Energies,Thermochemistry,MACE-OMOL-0-100M,-53.6799980089341,-59.1632760930378,-5.483278084103702,5.483278084103702,single_atom
HAT707_376,HAT707MR,Bond Dissociation Energies,Thermochemistry,MACE-OMOL-0-100M,-68.23999742399454,-75.6085204865811,-7.368523062586561,7.368523062586561,single_atom
HAT707_377,HAT707MR,Bond Dissociation Energies,Thermochemistry,MACE-OMOL-0-100M,-99.66999605270507,-123.1128987737778,-23.442902721072727,23.442902721072727,single_atom
HAT707_378,HAT707MR,Bond Dissociation Energies,Thermochemistry,MACE-OMOL-0-100M,2.5299996001193223,-4.112534337185092,-6.642533937304415,6.642533937304415,single_atom
HAT707_379,HAT707MR,Bond Dissociation Energies,Thermochemistry,MACE-OMOL-0-100M,-34.35999849548415,-40.78124391056973,-6.421245415085579,6.421245415085579,single_atom
HAT707_380,HAT707MR,Bond Dissociation Energies,Thermochemistry,MACE-OMOL-0-100M,-40.009998418480336,-44.50847713718352,-4.498478718703183,4.498478718703183,single_atom
HAT707_382,HAT707MR,Bond Dissociation Energies,Thermochemistry,MACE-OMOL-0-100M,-78.65999680884937,-79.8612644243051,-1.201267615455734,1.201267615455734,single_atom
HAT707_383,HAT707MR,Bond Dissociation Energies,Thermochemistry,MACE-OMOL-0-100M,-126.34999457400474,-129.69912013282308,-3.3491255588183435,3.3491255588183435,single_atom
HAT707_385,HAT707MR,Bond Dissociation Energies,Thermochemistry,MACE-OMOL-0-100M,-120.44999487654304,-124.96261805157478,-4.5126231750317345,4.5126231750317345,single_atom
HAT707_387,HAT707MR,Bond Dissociation Energies,Thermochemistry,MACE-OMOL-0-100M,-125.94999493485992,-130.44908216925137,-4.499087234391453,4.499087234391453,single_atom
HAT707_390,HAT707MR,Bond Dissociation Energies,Thermochemistry,MACE-OMOL-0-100M,-60.6899973325321,-66.46456955367505,-5.774572221142947,5.774572221142947,single_atom
HAT707_391,HAT707MR,Bond Dissociation Energies,Thermochemistry,MACE-OMOL-0-100M,-108.77999536434172,-111.715236169046,-2.9352408047042786,2.9352408047042786,single_atom
HAT707_392,HAT707MR,Bond Dissociation Energies,Thermochemistry,MACE-OMOL-0-100M,-194.1399917764519,-193.02330146092743,1.1166903155244654,1.1166903155244654,single_atom
HAT707_394,HAT707MR,Bond Dissociation Energies,Thermochemistry,MACE-OMOL-0-100M,-130.83999428846204,-130.3704132034144,0.4695810850476505,0.4695810850476505,single_atom
HAT707_396,HAT707MR,Bond Dissociation Energies,Thermochemistry,MACE-OMOL-0-100M,-142.12999414347578,-152.8703908794737,-10.740396735997905,10.740396735997905,single_atom
HAT707_398,HAT707MR,Bond Dissociation Energies,Thermochemistry,MACE-OMOL-0-100M,-110.44999574029973,-117.25354594414286,-6.80355020384313,6.80355020384313,single_atom
HAT707_4,HAT707MR,Bond Dissociation Energies,Thermochemistry,MACE-OMOL-0-100M,25.559998904184724,22.376507503112972,-3.183491401071752,3.183491401071752,single_atom
HAT707_400,HAT707MR,Bond Dissociation Energies,Thermochemistry,MACE-OMOL-0-100M,-77.33999674465257,-81.68107332062094,-4.341076575968373,4.341076575968373,single_atom
HAT707_404,HAT707MR,Bond Dissociation Energies,Thermochemistry,MACE-OMOL-0-100M,-139.979994200544,-152.78387136895043,-12.803877168406416,12.803877168406416,single_atom
HAT707_406,HAT707MR,Bond Dissociation Energies,Thermochemistry,MACE-OMOL-0-100M,-206.6499911583668,-208.14268273649984,-1.4926915781330479,1.4926915781330479,single_atom
HAT707_411,HAT707MR,Bond Dissociation Energies,Thermochemistry,MACE-OMOL-0-100M,-4.689999534029699,-12.66951892578106,-7.979519391751362,7.979519391751362,single_atom
HAT707_412,HAT707MR,Bond Dissociation Energies,Thermochemistry,MACE-OMOL-0-100M,26.46999871074863,23.515939757857375,-2.9540589528912555,2.9540589528912555,single_atom
HAT707_413,HAT707MR,Bond Dissociation Energies,Thermochemistry,MACE-OMOL-0-100M,16.959999132457696,11.065930689520696,-5.894068442937,5.894068442937,single_atom
HAT707_414,HAT707MR,Bond Dissociation Energies,Thermochemistry,MACE-OMOL-0-100M,-70.40999734888354,-73.85228296851112,-3.442285619627583,3.442285619627583,single_atom
HAT707_432,HAT707MR,Bond Dissociation Energies,Thermochemistry,MACE-OMOL-0-100M,-51.44999813817338,-54.88258431957456,-3.4325861814011844,3.4325861814011844,single_atom
HAT707_433,HAT707MR,Bond Dissociation Energies,Thermochemistry,MACE-OMOL-0-100M,-33.24999886934784,-35.43542095816455,-2.1854220888167077,2.1854220888167077,single_atom
HAT707_434,HAT707MR,Bond Dissociation Energies,Thermochemistry,MACE-OMOL-0-100M,-81.07999650820388,-80.50889779166462,0.5710987165392538,0.5710987165392538,single_atom
HAT707_435,HAT707MR,Bond Dissociation Energies,Thermochemistry,MACE-OMOL-0-100M,-73.38999717055023,-79.03111444535527,-5.64111727480504,5.64111727480504,single_atom
HAT707_438,HAT707MR,Bond Dissociation Energies,Thermochemistry,MACE-OMOL-0-100M,-67.74999723853267,-68.44598568355171,-0.6959884450190401,0.6959884450190401,single_atom
HAT707_439,HAT707MR,Bond Dissociation Energies,Thermochemistry,MACE-OMOL-0-100M,115.05999524364726,114.64431248926496,-0.41568275438230273,0.41568275438230273,single_atom
HAT707_440,HAT707MR,Bond Dissociation Energies,Thermochemistry,MACE-OMOL-0-100M,67.87999719397493,71.84737486285665,3.967377668881724,3.967377668881724,single_atom
HAT707_441,HAT707MR,Bond Dissociation Energies,Thermochemistry,MACE-OMOL-0-100M,44.81999784425348,44.55636200644055,-0.2636358378129273,0.2636358378129273,single_atom
HAT707_442,HAT707MR,Bond Dissociation Energies,Thermochemistry,MACE-OMOL-0-100M,63.78999736304788,68.13583092259891,4.345833559551032,4.345833559551032,single_atom
HAT707_443,HAT707MR,Bond Dissociation Energies,Thermochemistry,MACE-OMOL-0-100M,84.75999649618954,85.64272197422041,0.8827254780308635,0.8827254780308635,single_atom
HAT707_444,HAT707MR,Bond Dissociation Energies,Thermochemistry,MACE-OMOL-0-100M,71.72999678557086,69.97346949807,-1.7565272875008588,1.7565272875008588,single_atom
HAT707_448,HAT707MR,Bond Dissociation Energies,Thermochemistry,MACE-OMOL-0-100M,73.38999696620303,79.03111444535527,5.641117479152243,5.641117479152243,single_atom
HAT707_45,HAT707MR,Bond Dissociation Energies,Thermochemistry,MACE-OMOL-0-100M,-242.63999006589444,-248.5536365413305,-5.913646475436053,5.913646475436053,single_atom
HAT707_469,HAT707MR,Bond Dissociation Energies,Thermochemistry,MACE-OMOL-0-100M,-154.63999352539065,-156.98157489165402,-2.3415813662633695,2.3415813662633695,single_atom
HAT707_484,HAT707MR,Bond Dissociation Energies,Thermochemistry,MACE-OMOL-0-100M,68.69999716007831,66.36159551961616,-2.338401640462152,2.338401640462152,single_atom
HAT707_485,HAT707MR,Bond Dissociation Energies,Thermochemistry,MACE-OMOL-0-100M,99.85999588129889,102.5470542032546,2.6870583219557176,2.6870583219557176,single_atom
HAT707_5,HAT707MR,Bond Dissociation Energies,Thermochemistry,MACE-OMOL-0-100M,127.73999457505188,121.1446763895077,-6.595318185544187,6.595318185544187,single_atom
HAT707_501,HAT707MR,Bond Dissociation Energies,Thermochemistry,MACE-OMOL-0-100M,-95.25999626607674,-102.41971097946012,-7.15971471338338,7.15971471338338,single_atom
HAT707_505,HAT707MR,Bond Dissociation Energies,Thermochemistry,MACE-OMOL-0-100M,38.269998105672,35.97128963263894,-2.2987084730330594,2.2987084730330594,single_atom
HAT707_506,HAT707MR,Bond Dissociation Energies,Thermochemistry,MACE-OMOL-0-100M,40.13999830120239,39.01255260583794,-1.1274456953644503,1.1274456953644503,single_atom
HAT707_509,HAT707MR,Bond Dissociation Energies,Thermochemistry,MACE-OMOL-0-100M,45.149998174057416,38.49863678461823,-6.651361389439188,6.651361389439188,single_atom
HAT707_510,HAT707MR,Bond Dissociation Energies,Thermochemistry,MACE-OMOL-0-100M,6.859999458918696,8.006717684165963,1.146718225247267,1.146718225247267,single_atom
HAT707_511,HAT707MR,Bond Dissociation Energies,Thermochemistry,MACE-OMOL-0-100M,-16.199999190573088,-19.284295172250147,-3.0842959816770588,3.0842959816770588,single_atom
HAT707_512,HAT707MR,Bond Dissociation Energies,Thermochemistry,MACE-OMOL-0-100M,48.89999792858734,42.7707891428346,-6.129208785752738,6.129208785752738,single_atom
HAT707_513,HAT707MR,Bond Dissociation Energies,Thermochemistry,MACE-OMOL-0-100M,2.7700000111156804,4.295173743908224,1.5251737327925436,1.5251737327925436,single_atom
HAT707_514,HAT707MR,Bond Dissociation Energies,Thermochemistry,MACE-OMOL-0-100M,52.44999786354487,42.17618106187037,-10.2738168016745,10.2738168016745,single_atom
HAT707_515,HAT707MR,Bond Dissociation Energies,Thermochemistry,MACE-OMOL-0-100M,23.739999291056904,21.80206479552971,-1.9379344955271947,1.9379344955271947,single_atom
HAT707_516,HAT707MR,Bond Dissociation Energies,Thermochemistry,MACE-OMOL-0-100M,22.089998897056155,11.207623928181148,-10.882374968875007,10.882374968875007,single_atom
HAT707_517,HAT707MR,Bond Dissociation Energies,Thermochemistry,MACE-OMOL-0-100M,10.709999750744302,6.13281231929541,-4.577187431448892,4.577187431448892,single_atom
HAT707_521,HAT707MR,Bond Dissociation Energies,Thermochemistry,MACE-OMOL-0-100M,9.71999938884196,8.799555898197605,-0.9204434906443542,0.9204434906443542,single_atom
HAT707_546,HAT707MR,Bond Dissociation Energies,Thermochemistry,MACE-OMOL-0-100M,7.679999974184497,2.5209383408415693,-5.159061633342928,5.159061633342928,single_atom
HAT707_547,HAT707MR,Bond Dissociation Energies,Thermochemistry,MACE-OMOL-0-100M,38.839998218962826,38.706397024480005,-0.13360119448282148,0.13360119448282148,single_atom
HAT707_580,HAT707MR,Bond Dissociation Energies,Thermochemistry,MACE-OMOL-0-100M,-1.6299997845340342,0.5808881049681016,2.2108878895021356,2.2108878895021356,single_atom
HAT707_581,HAT707MR,Bond Dissociation Energies,Thermochemistry,MACE-OMOL-0-100M,15.2499994200947,10.82770116714191,-4.422298252952789,4.422298252952789,single_atom
HAT707_6,HAT707MR,Bond Dissociation Energies,Thermochemistry,MACE-OMOL-0-100M,44.529998105873496,45.955976419271344,1.4259783133978488,1.4259783133978488,single_atom
HAT707_666,HAT707MR,Bond Dissociation Energies,Thermochemistry,MACE-OMOL-0-100M,16.199999190573088,19.2842951722082,3.084295981635112,3.084295981635112,single_atom
HAT707_667,HAT707MR,Bond Dissociation Energies,Thermochemistry,MACE-OMOL-0-100M,-12.369999508214198,-2.4080680300254893,9.961931478188708,9.961931478188708,single_atom
HAT707_668,HAT707MR,Bond Dissociation Energies,Thermochemistry,MACE-OMOL-0-100M,28.569998698787284,34.47475243889375,5.904753740106468,5.904753740106468,single_atom
HAT707_673,HAT707MR,Bond Dissociation Energies,Thermochemistry,MACE-OMOL-0-100M,-71.0999973539178,-88.63814633488404,-17.53814898096624,17.53814898096624,single_atom
HAT707_688,HAT707MR,Bond Dissociation Energies,Thermochemistry,MACE-OMOL-0-100M,-111.40999550175673,-118.30911893005668,-6.8991234282999585,6.8991234282999585,single_atom
HAT707_689,HAT707MR,Bond Dissociation Energies,Thermochemistry,MACE-OMOL-0-100M,-178.07999245957947,-173.6679302976061,4.412062161973381,4.412062161973381,single_atom
HAT707_690,HAT707MR,Bond Dissociation Energies,Thermochemistry,MACE-OMOL-0-100M,-123.07999501395804,-134.29618796300662,-11.216192949048576,11.216192949048576,single_atom
HAT707_698,HAT707MR,Bond Dissociation Energies,Thermochemistry,MACE-OMOL-0-100M,-101.99999583325202,-109.89533596730232,-7.895340134050301,7.895340134050301,single_atom
HAT707_699,HAT707MR,Bond Dissociation Energies,Thermochemistry,MACE-OMOL-0-100M,-92.01999605145645,-80.98753616090801,11.032459890548438,11.032459890548438,single_atom
HAT707_7,HAT707MR,Bond Dissociation Energies,Thermochemistry,MACE-OMOL-0-100M,100.19999585793012,91.4898721527276,-8.71012370520252,8.71012370520252,single_atom
HAT707_700,HAT707MR,Bond Dissociation Energies,Thermochemistry,MACE-OMOL-0-100M,-141.80999443215993,-138.907749643986,2.902244788173931,2.902244788173931,single_atom
HAT707_704,HAT707MR,Bond Dissociation Energies,Thermochemistry,MACE-OMOL-0-100M,-44.81999784425348,-44.55636200644055,0.2636358378129273,0.2636358378129273,single_atom
HAT707_705,HAT707MR,Bond Dissociation Energies,Thermochemistry,MACE-OMOL-0-100M,-22.089998897056155,-11.207623928181148,10.882374968875007,10.882374968875007,single_atom
HAT707_706,HAT707MR,Bond Dissociation Energies,Thermochemistry,MACE-OMOL-0-100M,1.6599997574698946,9.05764494732722,7.397645189857324,7.397645189857324,single_atom
HAT707_707,HAT707MR,Bond Dissociation Energies,Thermochemistry,MACE-OMOL-0-100M,-39.17999853974538,-33.97123324465797,5.20876529508741,5.20876529508741,single_atom
HAT707_71,HAT707MR,Bond Dissociation Energies,Thermochemistry,MACE-OMOL-0-100M,49.43999806894231,44.18174101624664,-5.258257052695669,5.258257052695669,single_atom
HAT707_72,HAT707MR,Bond Dissociation Energies,Thermochemistry,MACE-OMOL-0-100M,80.59999666815555,80.36719969987459,-0.2327969682809652,0.2327969682809652,single_atom
HAT707_8,HAT707MR,Bond Dissociation Energies,Thermochemistry,MACE-OMOL-0-100M,71.48999704474521,71.11575588638692,-0.37424115835828786,0.37424115835828786,single_atom
HAT707_9,HAT707MR,Bond Dissociation Energies,Thermochemistry,MACE-OMOL-0-100M,65.49999738581472,63.46286747093478,-2.037129914879941,2.037129914879941,single_atom
HAT707_1,HAT707nonMR,Bond Dissociation Energies,Thermochemistry,MACE-OMOL-0-100M,26.54999863857759,25.781508436872816,-0.7684902017047754,0.7684902017047754,single_atom
HAT707_100,HAT707nonMR,Bond Dissociation Energies,Thermochemistry,MACE-OMOL-0-100M,5.409999511999825,11.138202980761449,5.728203468761624,5.728203468761624,single_atom
HAT707_101,HAT707nonMR,Bond Dissociation Energies,Thermochemistry,MACE-OMOL-0-100M,2.6800000923080995,1.9686756224111956,-0.7113244698969039,0.7113244698969039,single_atom
HAT707_102,HAT707nonMR,Bond Dissociation Energies,Thermochemistry,MACE-OMOL-0-100M,20.889999352112262,21.415838983821203,0.5258396317089407,0.5258396317089407,single_atom
HAT707_104,HAT707nonMR,Bond Dissociation Energies,Thermochemistry,MACE-OMOL-0-100M,-26.94999890523187,-23.657637849636924,3.292361055594945,3.292361055594945,single_atom
HAT707_105,HAT707nonMR,Bond Dissociation Energies,Thermochemistry,MACE-OMOL-0-100M,-52.06999757884783,-56.47867740833161,-4.408679829483781,4.408679829483781,single_atom
HAT707_106,HAT707nonMR,Bond Dissociation Energies,Thermochemistry,MACE-OMOL-0-100M,-38.72999831819801,-44.41576530021871,-5.685766982020702,5.685766982020702,single_atom
HAT707_107,HAT707nonMR,Bond Dissociation Energies,Thermochemistry,MACE-OMOL-0-100M,-19.25999894006875,-22.17985450332757,-2.9198555632588175,2.9198555632588175,single_atom
HAT707_110,HAT707nonMR,Bond Dissociation Energies,Thermochemistry,MACE-OMOL-0-100M,-16.519999529398408,-13.01032714497732,3.509672384421089,3.509672384421089,single_atom
HAT707_111,HAT707nonMR,Bond Dissociation Energies,Thermochemistry,MACE-OMOL-0-100M,47.74999833853655,49.31369109085722,1.5636927523206694,1.5636927523206694,single_atom
HAT707_112,HAT707nonMR,Bond Dissociation Energies,Thermochemistry,MACE-OMOL-0-100M,44.69999795251003,40.3300713603992,-4.369926592110829,4.369926592110829,single_atom
HAT707_113,HAT707nonMR,Bond Dissociation Energies,Thermochemistry,MACE-OMOL-0-100M,78.83999674091037,78.37388724672553,-0.4661094941848347,0.4661094941848347,single_atom
HAT707_114,HAT707nonMR,Bond Dissociation Energies,Thermochemistry,MACE-OMOL-0-100M,102.59999575871892,98.63915612220244,-3.960839636516482,3.960839636516482,single_atom
HAT707_115,HAT707nonMR,Bond Dissociation Energies,Thermochemistry,MACE-OMOL-0-100M,-13.619999635560664,-11.594725741534504,2.02527389402616,2.02527389402616,single_atom
HAT707_116,HAT707nonMR,Bond Dissociation Energies,Thermochemistry,MACE-OMOL-0-100M,-145.38999371254386,-161.54814906310065,-16.158155350556797,16.158155350556797,single_atom
HAT707_118,HAT707nonMR,Bond Dissociation Energies,Thermochemistry,MACE-OMOL-0-100M,17.62999915553472,17.18753342292133,-0.44246573261338895,0.44246573261338895,single_atom
HAT707_12,HAT707nonMR,Bond Dissociation Energies,Thermochemistry,MACE-OMOL-0-100M,48.4799983074853,46.42930425221087,-2.050694055274434,2.050694055274434,single_atom
HAT707_127,HAT707nonMR,Bond Dissociation Energies,Thermochemistry,MACE-OMOL-0-100M,242.7099899668493,237.88397783438,-4.8260121324692875,4.8260121324692875,single_atom
HAT707_128,HAT707nonMR,Bond Dissociation Energies,Thermochemistry,MACE-OMOL-0-100M,194.27999227766205,192.9522254698929,-1.3277668077691374,1.3277668077691374,single_atom
HAT707_13,HAT707nonMR,Bond Dissociation Energies,Thermochemistry,MACE-OMOL-0-100M,90.18999627172391,86.59255503989212,-3.5974412318317945,3.5974412318317945,single_atom
HAT707_131,HAT707nonMR,Bond Dissociation Energies,Thermochemistry,MACE-OMOL-0-100M,184.5899923694152,180.7998232283596,-3.7901691410555998,3.7901691410555998,single_atom
HAT707_132,HAT707nonMR,Bond Dissociation Energies,Thermochemistry,MACE-OMOL-0-100M,74.28999692899828,61.16333400676357,-13.126662922234708,13.126662922234708,single_atom
HAT707_133,HAT707nonMR,Bond Dissociation Energies,Thermochemistry,MACE-OMOL-0-100M,217.359991014768,215.0466503340061,-2.313340680761911,2.313340680761911,single_atom
HAT707_134,HAT707nonMR,Bond Dissociation Energies,Thermochemistry,MACE-OMOL-0-100M,63.24999738537037,60.28791385448169,-2.962083530888684,2.962083530888684,single_atom
HAT707_135,HAT707nonMR,Bond Dissociation Energies,Thermochemistry,MACE-OMOL-0-100M,152.96999367652305,148.97940664346729,-3.9905870330557605,3.9905870330557605,single_atom
HAT707_136,HAT707nonMR,Bond Dissociation Energies,Thermochemistry,MACE-OMOL-0-100M,44.229998376514885,29.62083227876345,-14.609166097751434,14.609166097751434,single_atom
HAT707_137,HAT707nonMR,Bond Dissociation Energies,Thermochemistry,MACE-OMOL-0-100M,26.039999098667963,21.93268953905284,-4.107309559615121,4.107309559615121,single_atom
HAT707_138,HAT707nonMR,Bond Dissociation Energies,Thermochemistry,MACE-OMOL-0-100M,138.40999427840475,132.53416224992398,-5.875832028480772,5.875832028480772,single_atom
HAT707_139,HAT707nonMR,Bond Dissociation Energies,Thermochemistry,MACE-OMOL-0-100M,82.66999658258575,77.95640720465934,-4.713589377926411,4.713589377926411,single_atom
HAT707_14,HAT707nonMR,Bond Dissociation Energies,Thermochemistry,MACE-OMOL-0-100M,42.04999846064728,33.93916999193223,-8.110828468715049,8.110828468715049,single_atom
HAT707_140,HAT707nonMR,Bond Dissociation Energies,Thermochemistry,MACE-OMOL-0-100M,28.609998662701766,20.06020783135737,-8.549790831344396,8.549790831344396,single_atom
HAT707_141,HAT707nonMR,Bond Dissociation Energies,Thermochemistry,MACE-OMOL-0-100M,106.97999557765864,85.0297839627273,-21.950211614931348,21.950211614931348,single_atom
HAT707_142,HAT707nonMR,Bond Dissociation Energies,Thermochemistry,MACE-OMOL-0-100M,209.17999135291325,204.03014839932,-5.149842953593236,5.149842953593236,single_atom
HAT707_143,HAT707nonMR,Bond Dissociation Energies,Thermochemistry,MACE-OMOL-0-100M,172.29999287745918,167.36143882593535,-4.938554051523823,4.938554051523823,single_atom
HAT707_144,HAT707nonMR,Bond Dissociation Energies,Thermochemistry,MACE-OMOL-0-100M,166.64999311101909,163.63420559932158,-3.0157875116975106,3.0157875116975106,single_atom
HAT707_145,HAT707nonMR,Bond Dissociation Energies,Thermochemistry,MACE-OMOL-0-100M,127.99999470873362,128.28141831222095,0.2814236034873261,0.2814236034873261,single_atom
HAT707_146,HAT707nonMR,Bond Dissociation Energies,Thermochemistry,MACE-OMOL-0-100M,80.29999668055672,78.44356260368201,-1.8564340768747059,1.8564340768747059,single_atom
HAT707_147,HAT707nonMR,Bond Dissociation Energies,Thermochemistry,MACE-OMOL-0-100M,86.19999643666293,83.1800646849303,-3.019931751732628,3.019931751732628,single_atom
HAT707_148,HAT707nonMR,Bond Dissociation Energies,Thermochemistry,MACE-OMOL-0-100M,80.69999666402163,77.6936005672642,-3.0063960967574275,3.0063960967574275,single_atom
HAT707_149,HAT707nonMR,Bond Dissociation Energies,Thermochemistry,MACE-OMOL-0-100M,145.95999382583466,141.67811318283003,-4.281880643004627,4.281880643004627,single_atom
HAT707_15,HAT707nonMR,Bond Dissociation Energies,Thermochemistry,MACE-OMOL-0-100M,41.759998094757805,41.66080267540507,-0.09919541935273202,0.09919541935273202,single_atom
HAT707_150,HAT707nonMR,Bond Dissociation Energies,Thermochemistry,MACE-OMOL-0-100M,97.86999595424828,96.42744656746956,-1.4425493867787225,1.4425493867787225,single_atom
HAT707_151,HAT707nonMR,Bond Dissociation Energies,Thermochemistry,MACE-OMOL-0-100M,8.399999952154623,6.267203146637836,-2.1327968055167865,2.1327968055167865,single_atom
HAT707_152,HAT707nonMR,Bond Dissociation Energies,Thermochemistry,MACE-OMOL-0-100M,75.80999686990474,77.7722695330907,1.9622726631859564,1.9622726631859564,single_atom
HAT707_153,HAT707nonMR,Bond Dissociation Energies,Thermochemistry,MACE-OMOL-0-100M,64.52999733245754,55.27229185703138,-9.257705475426164,9.257705475426164,single_atom
HAT707_154,HAT707nonMR,Bond Dissociation Energies,Thermochemistry,MACE-OMOL-0-100M,63.65999736842143,58.79188116774294,-4.868116200678486,4.868116200678486,single_atom
HAT707_155,HAT707nonMR,Bond Dissociation Energies,Thermochemistry,MACE-OMOL-0-100M,96.19999602328237,90.88913679241466,-5.310859230867706,5.310859230867706,single_atom
HAT707_156,HAT707nonMR,Bond Dissociation Energies,Thermochemistry,MACE-OMOL-0-100M,129.30999465458058,126.46160941588414,-2.8483852386964372,2.8483852386964372,single_atom
HAT707_157,HAT707nonMR,Bond Dissociation Energies,Thermochemistry,MACE-OMOL-0-100M,66.67999694880136,55.35881136756513,-11.321185581236229,11.321185581236229,single_atom
HAT707_158,HAT707nonMR,Bond Dissociation Energies,Thermochemistry,MACE-OMOL-0-100M,-47.84999824832275,-55.32918085383976,-7.4791826055170105,7.4791826055170105,single_atom
HAT707_159,HAT707nonMR,Bond Dissociation Energies,Thermochemistry,MACE-OMOL-0-100M,97.79999595714196,91.80338355843205,-5.996612398709914,5.996612398709914,single_atom
HAT707_160,HAT707nonMR,Bond Dissociation Energies,Thermochemistry,MACE-OMOL-0-100M,-31.0599989625016,-53.30865180208287,-22.248652839581272,22.248652839581272,single_atom
HAT707_162,HAT707nonMR,Bond Dissociation Energies,Thermochemistry,MACE-OMOL-0-100M,223.6099907564051,219.20861342602575,-4.401377330379347,4.401377330379347,single_atom
HAT707_163,HAT707nonMR,Bond Dissociation Energies,Thermochemistry,MACE-OMOL-0-100M,94.8199960803291,89.566876459573,-5.2531196207561095,5.2531196207561095,single_atom
HAT707_164,HAT707nonMR,Bond Dissociation Energies,Thermochemistry,MACE-OMOL-0-100M,191.39999208790343,197.31498156937369,5.914989481470258,5.914989481470258,single_atom
HAT707_165,HAT707nonMR,Bond Dissociation Energies,Thermochemistry,MACE-OMOL-0-100M,136.24999436769463,134.29039976801494,-1.95959459967969,1.95959459967969,single_atom
HAT707_166,HAT707nonMR,Bond Dissociation Energies,Thermochemistry,MACE-OMOL-0-100M,67.40999721340434,63.11301884621826,-4.296978367186078,4.296978367186078,single_atom
HAT707_167,HAT707nonMR,Bond Dissociation Energies,Thermochemistry,MACE-OMOL-0-100M,4.909999963068817,1.7361702566077717,-3.173829706461045,3.173829706461045,single_atom
HAT707_168,HAT707nonMR,Bond Dissociation Energies,Thermochemistry,MACE-OMOL-0-100M,0.4100002576329006,0.022593695106163,-0.3874065625267376,0.3874065625267376,single_atom
HAT707_169,HAT707nonMR,Bond Dissociation Energies,Thermochemistry,MACE-OMOL-0-100M,6.659999639346293,-0.320529130957697,-6.98052877030399,6.98052877030399,single_atom
HAT707_170,HAT707nonMR,Bond Dissociation Energies,Thermochemistry,MACE-OMOL-0-100M,-9.989999772774176,-28.90779980637858,-18.917800033604404,18.917800033604404,single_atom
HAT707_171,HAT707nonMR,Bond Dissociation Energies,Thermochemistry,MACE-OMOL-0-100M,-49.79999774417263,-57.92021348307273,-8.1202157389001,8.1202157389001,single_atom
HAT707_172,HAT707nonMR,Bond Dissociation Energies,Thermochemistry,MACE-OMOL-0-100M,75.53999687732633,65.21226029829312,-10.327736579033214,10.327736579033214,single_atom
HAT707_173,HAT707nonMR,Bond Dissociation Energies,Thermochemistry,MACE-OMOL-0-100M,89.89999628371187,91.1440485358385,1.2440522521266217,1.2440522521266217,single_atom
HAT707_174,HAT707nonMR,Bond Dissociation Energies,Thermochemistry,MACE-OMOL-0-100M,155.19999358433947,153.26009841694102,-1.939895167398447,1.939895167398447,single_atom
HAT707_175,HAT707nonMR,Bond Dissociation Energies,Thermochemistry,MACE-OMOL-0-100M,173.39999283198716,172.707261778351,-0.6927310536361517,0.6927310536361517,single_atom
HAT707_177,HAT707nonMR,Bond Dissociation Energies,Thermochemistry,MACE-OMOL-0-100M,125.56999480918508,127.63378494485094,2.0637901356658688,2.0637901356658688,single_atom
HAT707_178,HAT707nonMR,Bond Dissociation Energies,Thermochemistry,MACE-OMOL-0-100M,32.41999836310342,23.52716814670348,-8.892830216399936,8.892830216399936,single_atom
HAT707_179,HAT707nonMR,Bond Dissociation Energies,Thermochemistry,MACE-OMOL-0-100M,45.749998260284094,35.590080254816385,-10.15991800546771,10.15991800546771,single_atom
HAT707_18,HAT707nonMR,Bond Dissociation Energies,Thermochemistry,MACE-OMOL-0-100M,32.06999867885171,29.508400433871696,-2.561598244980015,2.561598244980015,single_atom
HAT707_180,HAT707nonMR,Bond Dissociation Energies,Thermochemistry,MACE-OMOL-0-100M,133.25999449129563,129.1115682911603,-4.148426200135333,4.148426200135333,single_atom
HAT707_183,HAT707nonMR,Bond Dissociation Energies,Thermochemistry,MACE-OMOL-0-100M,67.96999704006231,66.99551841009972,-0.97447862996259,0.97447862996259,single_atom
HAT707_184,HAT707nonMR,Bond Dissociation Energies,Thermochemistry,MACE-OMOL-0-100M,69.91999710964599,69.77991223274259,-0.14008487690340132,0.14008487690340132,single_atom
HAT707_185,HAT707nonMR,Bond Dissociation Energies,Thermochemistry,MACE-OMOL-0-100M,93.67999612745452,90.04518110824047,-3.634815019214045,3.634815019214045,single_atom
HAT707_186,HAT707nonMR,Bond Dissociation Energies,Thermochemistry,MACE-OMOL-0-100M,138.89999425814892,139.69669705295337,0.7967027948044461,0.7967027948044461,single_atom
HAT707_187,HAT707nonMR,Bond Dissociation Energies,Thermochemistry,MACE-OMOL-0-100M,-47.12999827035263,-69.72895251679711,-22.598954246444478,22.598954246444478,single_atom
HAT707_19,HAT707nonMR,Bond Dissociation Energies,Thermochemistry,MACE-OMOL-0-100M,-23.959999092586543,-30.655862539539967,-6.695863446953425,6.695863446953425,single_atom
HAT707_193,HAT707nonMR,Bond Dissociation Energies,Thermochemistry,MACE-OMOL-0-100M,94.01999611339927,112.69094308397143,18.67094697057216,18.67094697057216,single_atom
HAT707_194,HAT707nonMR,Bond Dissociation Energies,Thermochemistry,MACE-OMOL-0-100M,135.72999438919072,152.85419387166317,17.12419948247245,17.12419948247245,single_atom
HAT707_195,HAT707nonMR,Bond Dissociation Energies,Thermochemistry,MACE-OMOL-0-100M,87.29999639119096,107.92244150716564,20.622445115974685,20.622445115974685,single_atom
HAT707_197,HAT707nonMR,Bond Dissociation Energies,Thermochemistry,MACE-OMOL-0-100M,77.60999679175653,95.77003926564277,18.160042473886236,18.160042473886236,single_atom
HAT707_198,HAT707nonMR,Bond Dissociation Energies,Thermochemistry,MACE-OMOL-0-100M,121.42999498032408,130.89228652357116,9.462291543247076,9.462291543247076,single_atom
HAT707_199,HAT707nonMR,Bond Dissociation Energies,Thermochemistry,MACE-OMOL-0-100M,110.37999543710936,130.0168663712893,19.63687093417994,19.63687093417994,single_atom
HAT707_20,HAT707nonMR,Bond Dissociation Energies,Thermochemistry,MACE-OMOL-0-100M,64.83999731964255,63.75522753951822,-1.0847697801243257,1.0847697801243257,single_atom
HAT707_200,HAT707nonMR,Bond Dissociation Energies,Thermochemistry,MACE-OMOL-0-100M,45.98999804377098,63.94962268075048,17.9596246369795,17.9596246369795,single_atom
HAT707_201,HAT707nonMR,Bond Dissociation Energies,Thermochemistry,MACE-OMOL-0-100M,91.36999622294502,99.34978479556057,7.979788572615547,7.979788572615547,single_atom
HAT707_202,HAT707nonMR,Bond Dissociation Energies,Thermochemistry,MACE-OMOL-0-100M,73.1699969752973,91.66164205586044,18.491645080563146,18.491645080563146,single_atom
HAT707_203,HAT707nonMR,Bond Dissociation Energies,Thermochemistry,MACE-OMOL-0-100M,-47.49999793656158,-31.918875048375853,15.581122888185725,15.581122888185725,single_atom
HAT707_204,HAT707nonMR,Bond Dissociation Energies,Thermochemistry,MACE-OMOL-0-100M,31.42999862871055,47.50437828720718,16.074379658496632,16.074379658496632,single_atom
HAT707_205,HAT707nonMR,Bond Dissociation Energies,Thermochemistry,MACE-OMOL-0-100M,129.79999463432537,147.68535972144596,17.88536508712059,17.88536508712059,single_atom
HAT707_206,HAT707nonMR,Bond Dissociation Energies,Thermochemistry,MACE-OMOL-0-100M,75.73999686905847,89.78916034816497,14.049163479106497,14.049163479106497,single_atom
HAT707_207,HAT707nonMR,Bond Dissociation Energies,Thermochemistry,MACE-OMOL-0-100M,102.19999577525464,119.00036443660318,16.800368661348543,16.800368661348543,single_atom
HAT707_208,HAT707nonMR,Bond Dissociation Energies,Thermochemistry,MACE-OMOL-0-100M,65.30999730021375,82.33165486321855,17.021657563004794,17.021657563004794,single_atom
HAT707_209,HAT707nonMR,Bond Dissociation Energies,Thermochemistry,MACE-OMOL-0-100M,59.65999763422474,78.60442163658378,18.944424002359042,18.944424002359042,single_atom
HAT707_21,HAT707nonMR,Bond Dissociation Energies,Thermochemistry,MACE-OMOL-0-100M,-35.00999853660394,-31.531282691821847,3.4787158447820907,3.4787158447820907,single_atom
HAT707_210,HAT707nonMR,Bond Dissociation Energies,Thermochemistry,MACE-OMOL-0-100M,91.84999620310305,105.63485161381992,13.784855410716872,13.784855410716872,single_atom
HAT707_211,HAT707nonMR,Bond Dissociation Energies,Thermochemistry,MACE-OMOL-0-100M,21.009999243855702,43.25163434948317,22.241635105627466,22.241635105627466,single_atom
HAT707_212,HAT707nonMR,Bond Dissociation Energies,Thermochemistry,MACE-OMOL-0-100M,-26.679999148809127,-6.586221359055771,20.093777789753357,20.093777789753357,single_atom
HAT707_213,HAT707nonMR,Bond Dissociation Energies,Thermochemistry,MACE-OMOL-0-100M,-51.459998129152005,-35.1301992085448,16.329798920607203,16.329798920607203,single_atom
HAT707_214,HAT707nonMR,Bond Dissociation Energies,Thermochemistry,MACE-OMOL-0-100M,-20.77999945134744,-1.8497192778074791,18.93028017353996,18.93028017353996,single_atom
HAT707_215,HAT707nonMR,Bond Dissociation Energies,Thermochemistry,MACE-OMOL-0-100M,22.54999910958216,37.591077402106734,15.041078292524574,15.041078292524574,single_atom
HAT707_216,HAT707nonMR,Bond Dissociation Energies,Thermochemistry,MACE-OMOL-0-100M,-26.27999888215485,-7.336183395463096,18.943815486691754,18.943815486691754,single_atom
HAT707_217,HAT707nonMR,Bond Dissociation Energies,Thermochemistry,MACE-OMOL-0-100M,48.14999797768136,65.31682789965559,17.166829921974234,17.166829921974234,single_atom
HAT707_218,HAT707nonMR,Bond Dissociation Energies,Thermochemistry,MACE-OMOL-0-100M,16.989999105393554,33.05686701381368,16.066867908420125,16.066867908420125,single_atom
HAT707_219,HAT707nonMR,Bond Dissociation Energies,Thermochemistry,MACE-OMOL-0-100M,38.97999809266351,56.648329220113226,17.66833112744972,17.66833112744972,single_atom
HAT707_22,HAT707nonMR,Bond Dissociation Energies,Thermochemistry,MACE-OMOL-0-100M,0.4500002215473813,-2.3120161510205866,-2.7620163725679676,2.7620163725679676,single_atom
HAT707_220,HAT707nonMR,Bond Dissociation Energies,Thermochemistry,MACE-OMOL-0-100M,-9.109999311636654,11.39766260474228,20.507661916378936,20.507661916378936,single_atom
HAT707_222,HAT707nonMR,Bond Dissociation Energies,Thermochemistry,MACE-OMOL-0-100M,-31.169998863266425,-7.257514429647089,23.912484433619337,23.912484433619337,single_atom
HAT707_223,HAT707nonMR,Bond Dissociation Energies,Thermochemistry,MACE-OMOL-0-100M,39.66999809769778,55.12570283468968,15.455704736991905,15.455704736991905,single_atom
HAT707_224,HAT707nonMR,Bond Dissociation Energies,Thermochemistry,MACE-OMOL-0-100M,-42.459998090770696,-29.757492105706397,12.702505985064299,12.702505985064299,single_atom
HAT707_225,HAT707nonMR,Bond Dissociation Energies,Thermochemistry,MACE-OMOL-0-100M,4.820000044261236,20.34827466266964,15.528274618408403,15.528274618408403,single_atom
HAT707_226,HAT707nonMR,Bond Dissociation Energies,Thermochemistry,MACE-OMOL-0-100M,-10.779999687594644,5.859352829687363,16.639352517282006,16.639352517282006,single_atom
HAT707_227,HAT707nonMR,Bond Dissociation Energies,Thermochemistry,MACE-OMOL-0-100M,-27.929998648646123,-9.670519593761169,18.259479054884956,18.259479054884956,single_atom
HAT707_228,HAT707nonMR,Bond Dissociation Energies,Thermochemistry,MACE-OMOL-0-100M,22.32999930805251,41.43182545314637,19.101826145093856,19.101826145093856,single_atom
HAT707_229,HAT707nonMR,Bond Dissociation Energies,Thermochemistry,MACE-OMOL-0-100M,-87.96999656756792,-78.20466376844963,9.765332799118283,9.765332799118283,single_atom
HAT707_23,HAT707nonMR,Bond Dissociation Energies,Thermochemistry,MACE-OMOL-0-100M,-54.01999770220718,-62.19836426754008,-8.178366565332901,8.178366565332901,single_atom
HAT707_230,HAT707nonMR,Bond Dissociation Energies,Thermochemistry,MACE-OMOL-0-100M,9.12999992110337,28.551911904984475,19.421911983881106,19.421911983881106,single_atom
HAT707_231,HAT707nonMR,Bond Dissociation Energies,Thermochemistry,MACE-OMOL-0-100M,-40.30999814783893,-29.67097259516216,10.639025552676774,10.639025552676774,single_atom
HAT707_232,HAT707nonMR,Bond Dissociation Energies,Thermochemistry,MACE-OMOL-0-100M,-78.37999706144801,-64.96957613136992,13.41042093007809,13.41042093007809,single_atom
HAT707_233,HAT707nonMR,Bond Dissociation Energies,Thermochemistry,MACE-OMOL-0-100M,-106.97999573317117,-85.02978396273254,21.950211770438628,21.950211770438628,single_atom
HAT707_234,HAT707nonMR,Bond Dissociation Energies,Thermochemistry,MACE-OMOL-0-100M,-0.7099999869915055,14.399771662957347,15.109771649948852,15.109771649948852,single_atom
HAT707_235,HAT707nonMR,Bond Dissociation Energies,Thermochemistry,MACE-OMOL-0-100M,47.12999827035263,69.72895251679186,22.598954246439234,22.598954246439234,single_atom
HAT707_238,HAT707nonMR,Bond Dissociation Energies,Thermochemistry,MACE-OMOL-0-100M,116.62999517874648,134.17882946330897,17.54883428456249,17.54883428456249,single_atom
HAT707_239,HAT707nonMR,Bond Dissociation Energies,Thermochemistry,MACE-OMOL-0-100M,84.41999651024416,112.28519760665684,27.865201096412676,27.865201096412676,single_atom
HAT707_24,HAT707nonMR,Bond Dissociation Energies,Thermochemistry,MACE-OMOL-0-100M,-72.21999697103273,-69.8865070072507,2.3334899637820286,2.3334899637820286,single_atom
HAT707_240,HAT707nonMR,Bond Dissociation Energies,Thermochemistry,MACE-OMOL-0-100M,29.259998703821548,49.26061580527715,20.0006171014556,20.0006171014556,single_atom
HAT707_241,HAT707nonMR,Bond Dissociation Energies,Thermochemistry,MACE-OMOL-0-100M,114.53999526514332,132.8419713630049,18.30197609786157,18.30197609786157,single_atom
HAT707_242,HAT707nonMR,Bond Dissociation Energies,Thermochemistry,MACE-OMOL-0-100M,39.83999857184379,57.27373247550128,17.43373390365749,17.43373390365749,single_atom
HAT707_243,HAT707nonMR,Bond Dissociation Energies,Thermochemistry,MACE-OMOL-0-100M,32.84999860269356,50.09709749684005,17.24709889414649,17.24709889414649,single_atom
HAT707_244,HAT707nonMR,Bond Dissociation Energies,Thermochemistry,MACE-OMOL-0-100M,30.41999891236044,47.09255445889846,16.67255554653802,16.67255554653802,single_atom
HAT707_245,HAT707nonMR,Bond Dissociation Energies,Thermochemistry,MACE-OMOL-0-100M,37.6699986469548,55.01295943029472,17.34296078333992,17.34296078333992,single_atom
HAT707_246,HAT707nonMR,Bond Dissociation Energies,Thermochemistry,MACE-OMOL-0-100M,43.13999810482634,62.54391762519105,19.40391952036471,19.40391952036471,single_atom
HAT707_247,HAT707nonMR,Bond Dissociation Energies,Thermochemistry,MACE-OMOL-0-100M,54.04999767514305,73.10696181588968,19.05696414074663,19.05696414074663,single_atom
HAT707_248,HAT707nonMR,Bond Dissociation Energies,Thermochemistry,MACE-OMOL-0-100M,-33.429998706963005,-9.681940151025636,23.74805855593737,23.74805855593737,single_atom
HAT707_249,HAT707nonMR,Bond Dissociation Energies,Thermochemistry,MACE-OMOL-0-100M,63.73999736511453,80.30364524089661,16.56364787578208,16.56364787578208,single_atom
HAT707_25,HAT707nonMR,Bond Dissociation Energies,Thermochemistry,MACE-OMOL-0-100M,-144.62999377065924,-152.04284860306822,-7.412854832408982,7.412854832408982,single_atom
HAT707_250,HAT707nonMR,Bond Dissociation Energies,Thermochemistry,MACE-OMOL-0-100M,-38.38999862492492,-25.77207176497175,12.617926859953172,12.617926859953172,single_atom
HAT707_251,HAT707nonMR,Bond Dissociation Energies,Thermochemistry,MACE-OMOL-0-100M,100.09999586206406,111.64383306960868,11.543837207544613,11.543837207544613,single_atom
HAT707_252,HAT707nonMR,Bond Dissociation Energies,Thermochemistry,MACE-OMOL-0-100M,48.6299981721646,64.5936384742474,15.963640302082801,15.963640302082801,single_atom
HAT707_253,HAT707nonMR,Bond Dissociation Energies,Thermochemistry,MACE-OMOL-0-100M,-76.6999966945114,-58.53883530712894,18.161161387382457,18.161161387382457,single_atom
HAT707_254,HAT707nonMR,Bond Dissociation Energies,Thermochemistry,MACE-OMOL-0-100M,122.66999492906533,134.94121281509024,12.271217886024914,12.271217886024914,single_atom
HAT707_255,HAT707nonMR,Bond Dissociation Energies,Thermochemistry,MACE-OMOL-0-100M,48.20999792355308,68.23031445417178,20.020316530618693,20.020316530618693,single_atom
HAT707_256,HAT707nonMR,Bond Dissociation Energies,Thermochemistry,MACE-OMOL-0-100M,66.41999725432856,87.67747781562373,21.257480561295168,21.257480561295168,single_atom
HAT707_257,HAT707nonMR,Bond Dissociation Energies,Thermochemistry,MACE-OMOL-0-100M,18.589999544501204,42.60400098212365,24.014001437622447,24.014001437622447,single_atom
HAT707_258,HAT707nonMR,Bond Dissociation Energies,Thermochemistry,MACE-OMOL-0-100M,26.27999888215485,44.081784328433,17.801785446278153,17.801785446278153,single_atom
HAT707_259,HAT707nonMR,Bond Dissociation Energies,Thermochemistry,MACE-OMOL-0-100M,31.91999881417241,54.66691309023656,22.746914276064153,22.746914276064153,single_atom
HAT707_26,HAT707nonMR,Bond Dissociation Energies,Thermochemistry,MACE-OMOL-0-100M,-14.109999193513053,-18.757260544563884,-4.647261351050831,4.647261351050831,single_atom
HAT707_27,HAT707nonMR,Bond Dissociation Energies,Thermochemistry,MACE-OMOL-0-100M,-15.589999113367783,-13.86278934164419,1.7272097717235937,1.7272097717235937,single_atom
HAT707_270,HAT707nonMR,Bond Dissociation Energies,Thermochemistry,MACE-OMOL-0-100M,62.08999732455786,58.02402999375586,-4.065967330801996,4.065967330801996,single_atom
HAT707_271,HAT707nonMR,Bond Dissociation Energies,Thermochemistry,MACE-OMOL-0-100M,103.80999570870044,98.18728078142662,-5.622714927273819,5.622714927273819,single_atom
HAT707_272,HAT707nonMR,Bond Dissociation Energies,Thermochemistry,MACE-OMOL-0-100M,55.37999773031848,53.25552841690811,-2.1244693134103656,2.1244693134103656,single_atom
HAT707_274,HAT707nonMR,Bond Dissociation Energies,Thermochemistry,MACE-OMOL-0-100M,45.68999831441237,41.1031261754062,-4.586872139006168,4.586872139006168,single_atom
HAT707_275,HAT707nonMR,Bond Dissociation Energies,Thermochemistry,MACE-OMOL-0-100M,14.059999238619952,9.282709590513916,-4.777289648106036,4.777289648106036,single_atom
HAT707_276,HAT707nonMR,Bond Dissociation Energies,Thermochemistry,MACE-OMOL-0-100M,15.629999077282264,9.5606244473956,-6.0693746298866635,6.0693746298866635,single_atom
HAT707_277,HAT707nonMR,Bond Dissociation Energies,Thermochemistry,MACE-OMOL-0-100M,-2.570000191543277,1.8724817076954716,4.442481899238748,4.442481899238748,single_atom
HAT707_278,HAT707nonMR,Bond Dissociation Energies,Thermochemistry,MACE-OMOL-0-100M,30.879998497376967,33.050701082983586,2.1707025856066196,2.1707025856066196,single_atom
HAT707_279,HAT707nonMR,Bond Dissociation Energies,Thermochemistry,MACE-OMOL-0-100M,-0.500000176440482,-7.16253480302938,-6.662534626588898,6.662534626588898,single_atom
HAT707_28,HAT707nonMR,Bond Dissociation Energies,Thermochemistry,MACE-OMOL-0-100M,-69.64999740699892,-71.75898871494617,-2.1089913079472495,2.1089913079472495,single_atom
HAT707_280,HAT707nonMR,Bond Dissociation Energies,Thermochemistry,MACE-OMOL-0-100M,54.05999766612167,57.896199373301975,3.836201707180308,3.836201707180308,single_atom
HAT707_281,HAT707nonMR,Bond Dissociation Energies,Thermochemistry,MACE-OMOL-0-100M,-31.91999881417241,-54.66691309022608,-22.746914276053673,22.746914276053673,single_atom
HAT707_282,HAT707nonMR,Bond Dissociation Energies,Thermochemistry,MACE-OMOL-0-100M,70.27999709476371,64.33345134636663,-5.946545748397085,5.946545748397085,single_atom
HAT707_283,HAT707nonMR,Bond Dissociation Energies,Thermochemistry,MACE-OMOL-0-100M,33.389998743048515,27.664741772981984,-5.725256970066532,5.725256970066532,single_atom
HAT707_284,HAT707nonMR,Bond Dissociation Energies,Thermochemistry,MACE-OMOL-0-100M,27.73999882005234,23.9375085463682,-3.802490273684139,3.802490273684139,single_atom
HAT707_285,HAT707nonMR,Bond Dissociation Energies,Thermochemistry,MACE-OMOL-0-100M,170.229992963029,170.60442774520035,0.37443478217136317,0.37443478217136317,single_atom
HAT707_286,HAT707nonMR,Bond Dissociation Energies,Thermochemistry,MACE-OMOL-0-100M,-10.909999570316703,-11.41527874073242,-0.5052791704157169,0.5052791704157169,single_atom
HAT707_287,HAT707nonMR,Bond Dissociation Energies,Thermochemistry,MACE-OMOL-0-100M,-58.59999733547206,-61.25313444927136,-2.6531371137992963,2.6531371137992963,single_atom
HAT707_288,HAT707nonMR,Bond Dissociation Energies,Thermochemistry,MACE-OMOL-0-100M,26.91999893229601,29.839376922835605,2.9193779905395942,2.9193779905395942,single_atom
HAT707_289,HAT707nonMR,Bond Dissociation Energies,Thermochemistry,MACE-OMOL-0-100M,-52.69999763801037,-56.51663236802307,-3.8166347300126944,3.8166347300126944,single_atom
HAT707_29,HAT707nonMR,Bond Dissociation Energies,Thermochemistry,MACE-OMOL-0-100M,-45.5399978222236,-66.26163883176058,-20.72164100953698,20.72164100953698,single_atom
HAT707_290,HAT707nonMR,Bond Dissociation Energies,Thermochemistry,MACE-OMOL-0-100M,100.91999582816683,102.56065353348714,1.640657705320308,1.640657705320308,single_atom
HAT707_291,HAT707nonMR,Bond Dissociation Energies,Thermochemistry,MACE-OMOL-0-100M,-58.20999768730587,-62.00309648567868,-3.79309879837281,3.79309879837281,single_atom
HAT707_292,HAT707nonMR,Bond Dissociation Energies,Thermochemistry,MACE-OMOL-0-100M,126.52999476950046,130.286404031036,3.756409261535538,3.756409261535538,single_atom
HAT707_293,HAT707nonMR,Bond Dissociation Energies,Thermochemistry,MACE-OMOL-0-100M,95.35999605800664,98.02644314517312,2.6664470871664747,2.6664470871664747,single_atom
HAT707_294,HAT707nonMR,Bond Dissociation Energies,Thermochemistry,MACE-OMOL-0-100M,7.059999906000574,1.9814161298766688,-5.078583776123905,5.078583776123905,single_atom
HAT707_295,HAT707nonMR,Bond Dissociation Energies,Thermochemistry,MACE-OMOL-0-100M,-41.029998125809065,-43.26925048547331,-2.239252359664242,2.239252359664242,single_atom
HAT707_298,HAT707nonMR,Bond Dissociation Energies,Thermochemistry,MACE-OMOL-0-100M,-63.08999767743883,-61.92442751988365,1.1655701575551802,1.1655701575551802,single_atom
HAT707_299,HAT707nonMR,Bond Dissociation Energies,Thermochemistry,MACE-OMOL-0-100M,118.03999512046012,120.09527896604912,2.0552838455890026,2.0552838455890026,single_atom
HAT707_30,HAT707nonMR,Bond Dissociation Energies,Thermochemistry,MACE-OMOL-0-100M,56.6599978306008,52.73872560483212,-3.921272225768682,3.921272225768682,single_atom
HAT707_300,HAT707nonMR,Bond Dissociation Energies,Thermochemistry,MACE-OMOL-0-100M,-74.37999690494311,-84.42440519592198,-10.044408290978865,10.044408290978865,single_atom
HAT707_301,HAT707nonMR,Bond Dissociation Energies,Thermochemistry,MACE-OMOL-0-100M,17.90999953044556,23.201800912905583,5.291801382460022,5.291801382460022,single_atom
HAT707_302,HAT707nonMR,Bond Dissociation Energies,Thermochemistry,MACE-OMOL-0-100M,83.19999656067712,85.31785079400811,2.1178542333309878,2.1178542333309878,single_atom
HAT707_303,HAT707nonMR,Bond Dissociation Energies,Thermochemistry,MACE-OMOL-0-100M,-42.699998501767055,-48.80756026052823,-6.107561758761172,6.107561758761172,single_atom
HAT707_304,HAT707nonMR,Bond Dissociation Energies,Thermochemistry,MACE-OMOL-0-100M,50.44999778529241,55.29905653762973,4.849058752337321,4.849058752337321,single_atom
HAT707_305,HAT707nonMR,Bond Dissociation Energies,Thermochemistry,MACE-OMOL-0-100M,-9.589999506119897,-13.23508763706922,-3.6450881309493237,3.6450881309493237,single_atom
HAT707_306,HAT707nonMR,Bond Dissociation Energies,Thermochemistry,MACE-OMOL-0-100M,87.50999638250988,93.52148803632294,6.011491653813053,6.011491653813053,single_atom
HAT707_307,HAT707nonMR,Bond Dissociation Energies,Thermochemistry,MACE-OMOL-0-100M,-45.749998260284094,-35.59008025482163,10.159918005462465,10.159918005462465,single_atom
HAT707_308,HAT707nonMR,Bond Dissociation Energies,Thermochemistry,MACE-OMOL-0-100M,-72.22999696201134,-84.33788568537774,-12.1078887233664,12.1078887233664,single_atom
HAT707_309,HAT707nonMR,Bond Dissociation Energies,Thermochemistry,MACE-OMOL-0-100M,-138.89999454734357,-139.69669705296909,-0.7967025056255181,0.7967025056255181,single_atom
HAT707_31,HAT707nonMR,Bond Dissociation Energies,Thermochemistry,MACE-OMOL-0-100M,19.77999909846648,16.070016031447484,-3.709983067018996,3.709983067018996,single_atom
HAT707_310,HAT707nonMR,Bond Dissociation Energies,Thermochemistry,MACE-OMOL-0-100M,-76.4499969200459,-75.38938868519713,1.0606082348487718,1.0606082348487718,single_atom
HAT707_311,HAT707nonMR,Bond Dissociation Energies,Thermochemistry,MACE-OMOL-0-100M,78.37999675992594,64.96957613135943,-13.410420628566513,13.410420628566513,single_atom
HAT707_312,HAT707nonMR,Bond Dissociation Energies,Thermochemistry,MACE-OMOL-0-100M,-28.609998662701766,-20.0602078313731,8.549790831328668,8.549790831328668,single_atom
HAT707_313,HAT707nonMR,Bond Dissociation Energies,Thermochemistry,MACE-OMOL-0-100M,52.04999759689059,56.21330330363664,4.163305706746051,4.163305706746051,single_atom
HAT707_314,HAT707nonMR,Bond Dissociation Energies,Thermochemistry,MACE-OMOL-0-100M,-57.16999737051044,-73.90573994689062,-16.735742576380183,16.735742576380183,single_atom
HAT707_318,HAT707nonMR,Bond Dissociation Energies,Thermochemistry,MACE-OMOL-0-100M,84.70999649825619,79.51191637307241,-5.198080125183779,5.198080125183779,single_atom
HAT707_319,HAT707nonMR,Bond Dissociation Energies,Thermochemistry,MACE-OMOL-0-100M,49.06999777522388,53.97679620473563,4.9067984295117455,4.9067984295117455,single_atom
HAT707_32,HAT707nonMR,Bond Dissociation Energies,Thermochemistry,MACE-OMOL-0-100M,14.129999175470292,12.342782804833694,-1.7872163706365978,1.7872163706365978,single_atom
HAT707_320,HAT707nonMR,Bond Dissociation Energies,Thermochemistry,MACE-OMOL-0-100M,52.499997818437976,57.61828451642029,5.118286697982313,5.118286697982313,single_atom
HAT707_321,HAT707nonMR,Bond Dissociation Energies,Thermochemistry,MACE-OMOL-0-100M,-2.660000110350859,-5.406297284938437,-2.746297174587578,2.746297174587578,single_atom
HAT707_322,HAT707nonMR,Bond Dissociation Energies,Thermochemistry,MACE-OMOL-0-100M,38.79999825504834,43.052811014860886,4.252812759812549,4.252812759812549,single_atom
HAT707_323,HAT707nonMR,Bond Dissociation Energies,Thermochemistry,MACE-OMOL-0-100M,118.21999500578232,122.2433086068817,4.023313601099375,4.023313601099375,single_atom
HAT707_324,HAT707nonMR,Bond Dissociation Energies,Thermochemistry,MACE-OMOL-0-100M,111.22999540197188,115.06667362819948,3.8366782262276047,3.8366782262276047,single_atom
HAT707_326,HAT707nonMR,Bond Dissociation Energies,Thermochemistry,MACE-OMOL-0-100M,108.78999550283716,112.06213059025792,3.2721350874207644,3.2721350874207644,single_atom
HAT707_327,HAT707nonMR,Bond Dissociation Energies,Thermochemistry,MACE-OMOL-0-100M,116.04999520272304,119.98253556166463,3.932540358941594,3.932540358941594,single_atom
HAT707_328,HAT707nonMR,Bond Dissociation Energies,Thermochemistry,MACE-OMOL-0-100M,121.51999497660395,127.51349375655047,5.9934987799465205,5.9934987799465205,single_atom
HAT707_329,HAT707nonMR,Bond Dissociation Energies,Thermochemistry,MACE-OMOL-0-100M,132.41999452601925,138.07653794722816,5.656543421208909,5.656543421208909,single_atom
HAT707_33,HAT707nonMR,Bond Dissociation Energies,Thermochemistry,MACE-OMOL-0-100M,-5.2799996292777625,-14.489121940851469,-9.209122311573706,9.209122311573706,single_atom
HAT707_331,HAT707nonMR,Bond Dissociation Energies,Thermochemistry,MACE-OMOL-0-100M,44.94999835448501,55.28763598034429,10.33763762585928,10.33763762585928,single_atom
HAT707_332,HAT707nonMR,Bond Dissociation Energies,Thermochemistry,MACE-OMOL-0-100M,142.11999412504048,145.27322137223507,3.153227247194593,3.153227247194593,single_atom
HAT707_333,HAT707nonMR,Bond Dissociation Energies,Thermochemistry,MACE-OMOL-0-100M,39.989998436523095,39.197504366408666,-0.7924940701144294,0.7924940701144294,single_atom
HAT707_335,HAT707nonMR,Bond Dissociation Energies,Thermochemistry,MACE-OMOL-0-100M,178.47999262199,176.61340920098908,-1.866583421000911,1.866583421000911,single_atom
HAT707_337,HAT707nonMR,Bond Dissociation Energies,Thermochemistry,MACE-OMOL-0-100M,50.3399978845276,45.29660343169458,-5.04339445283302,5.04339445283302,single_atom
HAT707_338,HAT707nonMR,Bond Dissociation Energies,Thermochemistry,MACE-OMOL-0-100M,-38.64999839036904,-33.45885363713898,5.191144753230063,5.191144753230063,single_atom
HAT707_34,HAT707nonMR,Bond Dissociation Energies,Thermochemistry,MACE-OMOL-0-100M,-24.51999921489875,-23.01000448227741,1.5099947326213403,1.5099947326213403,single_atom
HAT707_340,HAT707nonMR,Bond Dissociation Energies,Thermochemistry,MACE-OMOL-0-100M,127.00999474965847,129.56321460560684,2.5532198559483703,2.5532198559483703,single_atom
HAT707_342,HAT707nonMR,Bond Dissociation Energies,Thermochemistry,MACE-OMOL-0-100M,46.92999782327075,45.15205246693576,-1.777945356334996,1.777945356334996,single_atom
HAT707_343,HAT707nonMR,Bond Dissociation Energies,Thermochemistry,MACE-OMOL-0-100M,44.14999844868593,55.553968281001126,11.403969832315198,11.403969832315198,single_atom
HAT707_344,HAT707nonMR,Bond Dissociation Energies,Thermochemistry,MACE-OMOL-0-100M,16.28999910938067,13.563401363872291,-2.7265977455083785,2.7265977455083785,single_atom
HAT707_345,HAT707nonMR,Bond Dissociation Energies,Thermochemistry,MACE-OMOL-0-100M,34.49999836918484,33.010564725366194,-1.4894336438186428,1.4894336438186428,single_atom
HAT707_347,HAT707nonMR,Bond Dissociation Energies,Thermochemistry,MACE-OMOL-0-100M,-13.329999269671209,-12.06291210813388,1.2670871615373294,1.2670871615373294,single_atom
HAT707_348,HAT707nonMR,Bond Dissociation Energies,Thermochemistry,MACE-OMOL-0-100M,-5.639999932017563,-10.58512876182453,-4.945128829806967,4.945128829806967,single_atom
HAT707_35,HAT707nonMR,Bond Dissociation Energies,Thermochemistry,MACE-OMOL-0-100M,-72.20999698005411,-72.84786019080586,-0.6378632107517461,0.6378632107517461,single_atom
HAT707_351,HAT707nonMR,Bond Dissociation Energies,Thermochemistry,MACE-OMOL-0-100M,22.209998788799595,31.40543815526236,9.195439366462764,9.195439366462764,single_atom
HAT707_352,HAT707nonMR,Bond Dissociation Energies,Thermochemistry,MACE-OMOL-0-100M,5.699999877889284,15.37452109894596,9.674521221056676,9.674521221056676,single_atom
HAT707_353,HAT707nonMR,Bond Dissociation Energies,Thermochemistry,MACE-OMOL-0-100M,2.6500001193722382,6.390901368487945,3.740901249115707,3.740901249115707,single_atom
HAT707_356,HAT707nonMR,Bond Dissociation Energies,Thermochemistry,MACE-OMOL-0-100M,-75.7399969330544,-89.78916034815448,-14.049163415100082,14.049163415100082,single_atom
HAT707_357,HAT707nonMR,Bond Dissociation Energies,Thermochemistry,MACE-OMOL-0-100M,-76.04999665339162,-72.85764768534011,3.1923489680515047,3.1923489680515047,single_atom
HAT707_36,HAT707nonMR,Bond Dissociation Energies,Thermochemistry,MACE-OMOL-0-100M,10.499999312683803,8.682148805793911,-1.8178505068898918,1.8178505068898918,single_atom
HAT707_369,HAT707nonMR,Bond Dissociation Energies,Thermochemistry,MACE-OMOL-0-100M,-2.6500001193722382,-6.390901368466972,-3.7409012490947338,3.7409012490947338,single_atom
HAT707_37,HAT707nonMR,Bond Dissociation Energies,Thermochemistry,MACE-OMOL-0-100M,-148.58999396324967,-155.25417276320573,-6.664178799956062,6.664178799956062,single_atom
HAT707_375,HAT707nonMR,Bond Dissociation Energies,Thermochemistry,MACE-OMOL-0-100M,-96.12999610872616,-96.51251352263374,-0.38251741390757843,0.38251741390757843,single_atom
HAT707_38,HAT707nonMR,Bond Dissociation Energies,Thermochemistry,MACE-OMOL-0-100M,-66.31999727357103,-68.11135810955757,-1.7913608359865378,1.7913608359865378,single_atom
HAT707_381,HAT707nonMR,Bond Dissociation Energies,Thermochemistry,MACE-OMOL-0-100M,43.219998032655305,41.04121313956205,-2.178784893093251,2.178784893093251,single_atom
HAT707_384,HAT707nonMR,Bond Dissociation Energies,Thermochemistry,MACE-OMOL-0-100M,-100.08999567380712,-99.72383768276076,0.3661579910463644,0.3661579910463644,single_atom
HAT707_386,HAT707nonMR,Bond Dissociation Energies,Thermochemistry,MACE-OMOL-0-100M,-26.07999906258244,-27.00256107213017,-0.9225620095477289,0.9225620095477289,single_atom
HAT707_388,HAT707nonMR,Bond Dissociation Energies,Thermochemistry,MACE-OMOL-0-100M,-0.4800001944832417,0.7231894253977145,1.2031896198809562,1.2031896198809562,single_atom
HAT707_389,HAT707nonMR,Bond Dissociation Energies,Thermochemistry,MACE-OMOL-0-100M,-31.639998439261568,-31.536771460444204,0.10322697881736431,0.10322697881736431,single_atom
HAT707_39,HAT707nonMR,Bond Dissociation Energies,Thermochemistry,MACE-OMOL-0-100M,-74.57999672451551,-82.53289615256467,-7.9528994280491645,7.9528994280491645,single_atom
HAT707_393,HAT707nonMR,Bond Dissociation Energies,Thermochemistry,MACE-OMOL-0-100M,-85.27999648428118,-83.77797796158167,1.5020185226995153,1.5020185226995153,single_atom
HAT707_395,HAT707nonMR,Bond Dissociation Energies,Thermochemistry,MACE-OMOL-0-100M,-8.959999446957351,-9.467935639547228,-0.5079361925898773,0.5079361925898773,single_atom
HAT707_397,HAT707nonMR,Bond Dissociation Energies,Thermochemistry,MACE-OMOL-0-100M,-43.80999812790336,-44.24536381158824,-0.4353656836848785,0.4353656836848785,single_atom
HAT707_399,HAT707nonMR,Bond Dissociation Energies,Thermochemistry,MACE-OMOL-0-100M,-76.55999682081072,-74.264158068061,2.295838752749731,2.295838752749731,single_atom
HAT707_40,HAT707nonMR,Bond Dissociation Energies,Thermochemistry,MACE-OMOL-0-100M,-71.81999733188792,-73.59782222722367,-1.7778248953357547,1.7778248953357547,single_atom
HAT707_401,HAT707nonMR,Bond Dissociation Energies,Thermochemistry,MACE-OMOL-0-100M,-136.59999411222302,-142.79830224267604,-6.198308130453029,6.198308130453029,single_atom
HAT707_402,HAT707nonMR,Bond Dissociation Energies,Thermochemistry,MACE-OMOL-0-100M,-39.49999825106123,-36.04172656927341,3.4582716817878207,3.4582716817878207,single_atom
HAT707_403,HAT707nonMR,Bond Dissociation Energies,Thermochemistry,MACE-OMOL-0-100M,-50.3399978845276,-45.2966034316736,5.043394452853995,5.043394452853995,single_atom
HAT707_405,HAT707nonMR,Bond Dissociation Energies,Thermochemistry,MACE-OMOL-0-100M,-127.00999460610312,-129.56321460560684,-2.5532199995037246,2.5532199995037246,single_atom
HAT707_407,HAT707nonMR,Bond Dissociation Energies,Thermochemistry,MACE-OMOL-0-100M,-48.6299981721646,-64.59363847423691,-15.963640302072314,15.963640302072314,single_atom
HAT707_408,HAT707nonMR,Bond Dissociation Energies,Thermochemistry,MACE-OMOL-0-100M,41.159998008531126,42.791922719488845,1.631924710957719,1.631924710957719,single_atom
HAT707_409,HAT707nonMR,Bond Dissociation Energies,Thermochemistry,MACE-OMOL-0-100M,-59.81999748988267,-80.29664131533661,-20.476643825453948,20.476643825453948,single_atom
HAT707_41,HAT707nonMR,Bond Dissociation Energies,Thermochemistry,MACE-OMOL-0-100M,-48.97999785641631,-54.8071456550263,-5.827147798609985,5.827147798609985,single_atom
HAT707_410,HAT707nonMR,Bond Dissociation Energies,Thermochemistry,MACE-OMOL-0-100M,-124.73999477142792,-143.35383291033384,-18.61383813890592,18.61383813890592,single_atom
HAT707_415,HAT707nonMR,Bond Dissociation Energies,Thermochemistry,MACE-OMOL-0-100M,-8.78999960032081,-7.319905998735625,1.4700936015851847,1.4700936015851847,single_atom
HAT707_416,HAT707nonMR,Bond Dissociation Energies,Thermochemistry,MACE-OMOL-0-100M,-15.779999569471045,-14.496540977417837,1.2834585920532078,1.2834585920532078,single_atom
HAT707_417,HAT707nonMR,Bond Dissociation Energies,Thermochemistry,MACE-OMOL-0-100M,-88.769996473367,-88.3090108516327,0.46098562173429514,0.46098562173429514,single_atom
HAT707_418,HAT707nonMR,Bond Dissociation Energies,Thermochemistry,MACE-OMOL-0-100M,-18.209999259804164,-17.501084015359417,0.7089152444447464,0.7089152444447464,single_atom
HAT707_419,HAT707nonMR,Bond Dissociation Energies,Thermochemistry,MACE-OMOL-0-100M,-10.959999525209806,-9.580679043952678,1.3793204812571283,1.3793204812571283,single_atom
HAT707_42,HAT707nonMR,Bond Dissociation Energies,Thermochemistry,MACE-OMOL-0-100M,-80.1399967287041,-87.0671065408787,-6.927109812174592,6.927109812174592,single_atom
HAT707_420,HAT707nonMR,Bond Dissociation Energies,Thermochemistry,MACE-OMOL-0-100M,-5.49000006733826,-2.0497208490458574,3.4402792182924022,3.4402792182924022,single_atom
HAT707_421,HAT707nonMR,Bond Dissociation Energies,Thermochemistry,MACE-OMOL-0-100M,5.4199995029784445,8.513323341631802,3.0933238386533572,3.0933238386533572,single_atom
HAT707_422,HAT707nonMR,Bond Dissociation Energies,Thermochemistry,MACE-OMOL-0-100M,-93.26999617880293,-90.0225874131343,3.2474087656686237,3.2474087656686237,single_atom
HAT707_423,HAT707nonMR,Bond Dissociation Energies,Thermochemistry,MACE-OMOL-0-100M,-82.05999687912761,-74.27557862527303,7.784418253854582,7.784418253854582,single_atom
HAT707_424,HAT707nonMR,Bond Dissociation Energies,Thermochemistry,MACE-OMOL-0-100M,15.109999546394016,15.710006766638736,0.60000722024472,0.60000722024472,single_atom
HAT707_425,HAT707nonMR,Bond Dissociation Energies,Thermochemistry,MACE-OMOL-0-100M,-87.01999616958005,-90.36571023921914,-3.3457140696390866,3.3457140696390866,single_atom
HAT707_426,HAT707nonMR,Bond Dissociation Energies,Thermochemistry,MACE-OMOL-0-100M,51.46999812013062,47.05019459537177,-4.419803524758848,4.419803524758848,single_atom
HAT707_427,HAT707nonMR,Bond Dissociation Energies,Thermochemistry,MACE-OMOL-0-100M,-103.66999558170052,-118.95298091462952,-15.282985332929002,15.282985332929002,single_atom
HAT707_428,HAT707nonMR,Bond Dissociation Energies,Thermochemistry,MACE-OMOL-0-100M,-41.29999850974128,-39.84975500558498,1.4502435041562975,1.4502435041562975,single_atom
HAT707_429,HAT707nonMR,Bond Dissociation Energies,Thermochemistry,MACE-OMOL-0-100M,-93.6799964364358,-90.04518110823523,3.634815328200574,3.634815328200574,single_atom
HAT707_43,HAT707nonMR,Bond Dissociation Energies,Thermochemistry,MACE-OMOL-0-100M,-6.559999729560092,-9.613309611657836,-3.0533098820977447,3.0533098820977447,single_atom
HAT707_430,HAT707nonMR,Bond Dissociation Energies,Thermochemistry,MACE-OMOL-0-100M,-143.47999418060846,-147.9653945913132,-4.485400410704756,4.485400410704756,single_atom
HAT707_431,HAT707nonMR,Bond Dissociation Energies,Thermochemistry,MACE-OMOL-0-100M,76.69999682937386,58.53883530711845,-18.161161522255412,18.161161522255412,single_atom
HAT707_436,HAT707nonMR,Bond Dissociation Energies,Thermochemistry,MACE-OMOL-0-100M,3.049999758517045,8.983619730499962,5.9336199719829175,5.9336199719829175,single_atom
HAT707_437,HAT707nonMR,Bond Dissociation Energies,Thermochemistry,MACE-OMOL-0-100M,-23.75999927301414,-20.26526887555032,3.4947303974638224,3.4947303974638224,single_atom
HAT707_44,HAT707nonMR,Bond Dissociation Energies,Thermochemistry,MACE-OMOL-0-100M,-54.64999776136973,-54.8639762270183,-0.21397846564856593,0.21397846564856593,single_atom
HAT707_445,HAT707nonMR,Bond Dissociation Energies,Thermochemistry,MACE-OMOL-0-100M,67.7399971997623,68.60915875553845,0.8691615557761452,0.8691615557761452,single_atom
HAT707_446,HAT707nonMR,Bond Dissociation Energies,Thermochemistry,MACE-OMOL-0-100M,109.44999547555372,108.77240954323018,-0.677585932323538,0.677585932323538,single_atom
HAT707_447,HAT707nonMR,Bond Dissociation Energies,Thermochemistry,MACE-OMOL-0-100M,61.01999766233604,63.84065717877459,2.8206595164385533,2.8206595164385533,single_atom
HAT707_449,HAT707nonMR,Bond Dissociation Energies,Thermochemistry,MACE-OMOL-0-100M,51.32999761892047,51.68825493716781,0.35825731824733964,0.35825731824733964,single_atom
HAT707_450,HAT707nonMR,Bond Dissociation Energies,Thermochemistry,MACE-OMOL-0-100M,84.09999652347236,85.93508204285628,1.8350855193839237,1.8350855193839237,single_atom
HAT707_451,HAT707nonMR,Bond Dissociation Energies,Thermochemistry,MACE-OMOL-0-100M,19.70999916161613,19.86783835235942,0.15783919074329233,0.15783919074329233,single_atom
HAT707_452,HAT707nonMR,Bond Dissociation Energies,Thermochemistry,MACE-OMOL-0-100M,-56.62999785766494,-60.47078695337081,-3.8407890957058726,3.8407890957058726,single_atom
HAT707_453,HAT707nonMR,Bond Dissociation Energies,Thermochemistry,MACE-OMOL-0-100M,5.149999746555701,3.4225939587741765,-1.7274057877815245,1.7274057877815245,single_atom
HAT707_454,HAT707nonMR,Bond Dissociation Energies,Thermochemistry,MACE-OMOL-0-100M,-26.27999888215485,-44.08178432842252,-17.801785446267672,17.801785446267672,single_atom
HAT707_455,HAT707nonMR,Bond Dissociation Energies,Thermochemistry,MACE-OMOL-0-100M,75.91999686161765,74.91858010817018,-1.0014167534474723,1.0014167534474723,single_atom
HAT707_456,HAT707nonMR,Bond Dissociation Energies,Thermochemistry,MACE-OMOL-0-100M,39.02999867506608,38.24987053478554,-0.7801281402805387,0.7801281402805387,single_atom
HAT707_457,HAT707nonMR,Bond Dissociation Energies,Thermochemistry,MACE-OMOL-0-100M,33.3799987520699,34.52263730815078,1.1426385560808754,1.1426385560808754,single_atom
HAT707_458,HAT707nonMR,Bond Dissociation Energies,Thermochemistry,MACE-OMOL-0-100M,82.7199965805191,77.08293970882498,-5.637056871694114,5.637056871694114,single_atom
HAT707_459,HAT707nonMR,Bond Dissociation Energies,Thermochemistry,MACE-OMOL-0-100M,-5.269999638299143,-0.8301499789498359,4.439849659349306,4.439849659349306,single_atom
HAT707_46,HAT707nonMR,Bond Dissociation Energies,Thermochemistry,MACE-OMOL-0-100M,17.319999435197495,14.861178160599806,-2.458821274597689,2.458821274597689,single_atom
HAT707_460,HAT707nonMR,Bond Dissociation Energies,Thermochemistry,MACE-OMOL-0-100M,-52.95999803096397,-50.66800568744683,2.291992343517144,2.291992343517144,single_atom
HAT707_461,HAT707nonMR,Bond Dissociation Energies,Thermochemistry,MACE-OMOL-0-100M,-60.589997422745896,-63.68211111348733,-3.092113690741435,3.092113690741435,single_atom
HAT707_462,HAT707nonMR,Bond Dissociation Energies,Thermochemistry,MACE-OMOL-0-100M,-47.059998333502286,-45.93150360624048,1.1284947272618027,1.1284947272618027,single_atom
HAT707_463,HAT707nonMR,Bond Dissociation Energies,Thermochemistry,MACE-OMOL-0-100M,13.409999197500166,9.039165497111773,-4.370833700388394,4.370833700388394,single_atom
HAT707_464,HAT707nonMR,Bond Dissociation Energies,Thermochemistry,MACE-OMOL-0-100M,-52.55999776430969,-51.4179677238961,1.1420300404135943,1.1420300404135943,single_atom
HAT707_465,HAT707nonMR,Bond Dissociation Energies,Thermochemistry,MACE-OMOL-0-100M,39.01999868408747,36.76491599467112,-2.255082689416348,2.255082689416348,single_atom
HAT707_466,HAT707nonMR,Bond Dissociation Energies,Thermochemistry,MACE-OMOL-0-100M,7.859999811799661,4.504955108818716,-3.355044702980945,3.355044702980945,single_atom
HAT707_467,HAT707nonMR,Bond Dissociation Energies,Thermochemistry,MACE-OMOL-0-100M,12.69999921050866,12.566544891680223,-0.13345431882843606,0.13345431882843606,single_atom
HAT707_468,HAT707nonMR,Bond Dissociation Energies,Thermochemistry,MACE-OMOL-0-100M,-35.38999882130098,-32.68412172369072,2.705877097610255,2.705877097610255,single_atom
HAT707_47,HAT707nonMR,Bond Dissociation Energies,Thermochemistry,MACE-OMOL-0-100M,-76.70999668549003,-73.51915326140767,3.1908434240823595,3.1908434240823595,single_atom
HAT707_470,HAT707nonMR,Bond Dissociation Energies,Thermochemistry,MACE-OMOL-0-100M,-57.44999774542127,-51.33929875805912,6.110698987362149,6.110698987362149,single_atom
HAT707_471,HAT707nonMR,Bond Dissociation Energies,Thermochemistry,MACE-OMOL-0-100M,30.529998813125257,26.57379092971569,-3.9562078834095686,3.9562078834095686,single_atom
HAT707_472,HAT707nonMR,Bond Dissociation Energies,Thermochemistry,MACE-OMOL-0-100M,-68.73999697292554,-73.83927643413939,-5.099279461213854,5.099279461213854,single_atom
HAT707_473,HAT707nonMR,Bond Dissociation Energies,Thermochemistry,MACE-OMOL-0-100M,-4.3099998768421335,-8.203637242398724,-3.8936373655565903,3.8936373655565903,single_atom
HAT707_474,HAT707nonMR,Bond Dissociation Energies,Thermochemistry,MACE-OMOL-0-100M,-37.05999856974949,-38.22243149874564,-1.1624329289961537,1.1624329289961537,single_atom
HAT707_475,HAT707nonMR,Bond Dissociation Energies,Thermochemistry,MACE-OMOL-0-100M,28.2299990055142,23.893618382325425,-4.336380623188774,4.336380623188774,single_atom
HAT707_476,HAT707nonMR,Bond Dissociation Energies,Thermochemistry,MACE-OMOL-0-100M,-3.9499995741023337,-2.64995887524469,1.3000406988576438,1.3000406988576438,single_atom
HAT707_477,HAT707nonMR,Bond Dissociation Energies,Thermochemistry,MACE-OMOL-0-100M,-97.09999586116182,-106.75657567340264,-9.656579812240821,9.656579812240821,single_atom
HAT707_478,HAT707nonMR,Bond Dissociation Energies,Thermochemistry,MACE-OMOL-0-100M,-67.96999704006231,-66.99551841012594,0.974478629936371,0.974478629936371,single_atom
HAT707_479,HAT707nonMR,Bond Dissociation Energies,Thermochemistry,MACE-OMOL-0-100M,-66.58999702999378,-73.75275692359516,-7.162759893601375,7.162759893601375,single_atom
HAT707_48,HAT707nonMR,Bond Dissociation Energies,Thermochemistry,MACE-OMOL-0-100M,-57.45999773639989,-64.99827071998172,-7.538272983581827,7.538272983581827,single_atom
HAT707_480,HAT707nonMR,Bond Dissociation Energies,Thermochemistry,MACE-OMOL-0-100M,-87.5099963550419,-93.52148803634392,-6.011491681302019,6.011491681302019,single_atom
HAT707_481,HAT707nonMR,Bond Dissociation Energies,Thermochemistry,MACE-OMOL-0-100M,-133.259994615326,-129.11156829114458,4.148426324181429,4.148426324181429,single_atom
HAT707_482,HAT707nonMR,Bond Dissociation Energies,Thermochemistry,MACE-OMOL-0-100M,-9.12999992110337,-28.551911904973988,-19.42191198387062,19.42191198387062,single_atom
HAT707_483,HAT707nonMR,Bond Dissociation Energies,Thermochemistry,MACE-OMOL-0-100M,29.82999881711237,24.80786514833233,-5.0221336687800395,5.0221336687800395,single_atom
HAT707_486,HAT707nonMR,Bond Dissociation Energies,Thermochemistry,MACE-OMOL-0-100M,90.34999626511012,90.09704513487596,-0.25295113023416604,0.25295113023416604,single_atom
HAT707_487,HAT707nonMR,Bond Dissociation Energies,Thermochemistry,MACE-OMOL-0-100M,2.979999821666704,5.178831476844146,2.1988316551774423,2.1988316551774423,single_atom
HAT707_488,HAT707nonMR,Bond Dissociation Energies,Thermochemistry,MACE-OMOL-0-100M,30.70999865074042,28.72182057054827,-1.9881780801921494,1.9881780801921494,single_atom
HAT707_489,HAT707nonMR,Bond Dissociation Energies,Thermochemistry,MACE-OMOL-0-100M,23.719999309099663,21.545185591845087,-2.174813717254576,2.174813717254576,single_atom
HAT707_49,HAT707nonMR,Bond Dissociation Energies,Thermochemistry,MACE-OMOL-0-100M,-87.98999654952515,-96.01913093745648,-8.029134387931336,8.029134387931336,single_atom
HAT707_490,HAT707nonMR,Bond Dissociation Energies,Thermochemistry,MACE-OMOL-0-100M,21.289998991257068,18.540642553903503,-2.7493564373535655,2.7493564373535655,single_atom
HAT707_491,HAT707nonMR,Bond Dissociation Energies,Thermochemistry,MACE-OMOL-0-100M,28.539998725851422,26.46104752531024,-2.0789512005411837,2.0789512005411837,single_atom
HAT707_492,HAT707nonMR,Bond Dissociation Energies,Thermochemistry,MACE-OMOL-0-100M,34.00999881123245,33.992005720217065,-0.017993091015384266,0.017993091015384266,single_atom
HAT707_493,HAT707nonMR,Bond Dissociation Energies,Thermochemistry,MACE-OMOL-0-100M,44.909998390570536,44.55504991094716,-0.35494847962337417,0.35494847962337417,single_atom
HAT707_494,HAT707nonMR,Bond Dissociation Energies,Thermochemistry,MACE-OMOL-0-100M,-42.559998000556895,-38.23385205601011,4.326145944546788,4.326145944546788,single_atom
HAT707_495,HAT707nonMR,Bond Dissociation Energies,Thermochemistry,MACE-OMOL-0-100M,54.60999779745524,51.75173333582825,-2.8582644616269945,2.8582644616269945,single_atom
HAT707_496,HAT707nonMR,Bond Dissociation Energies,Thermochemistry,MACE-OMOL-0-100M,-47.51999791851881,-54.32398366991428,-6.803985751395466,6.803985751395466,single_atom
HAT707_497,HAT707nonMR,Bond Dissociation Energies,Thermochemistry,MACE-OMOL-0-100M,90.96999623948012,83.09192116461371,-7.878075074866416,7.878075074866416,single_atom
HAT707_498,HAT707nonMR,Bond Dissociation Energies,Thermochemistry,MACE-OMOL-0-100M,39.49999825106123,36.04172656927341,-3.4582716817878207,3.4582716817878207,single_atom
HAT707_499,HAT707nonMR,Bond Dissociation Energies,Thermochemistry,MACE-OMOL-0-100M,21.93999903237685,24.148530125696823,2.208531093319973,2.208531093319973,single_atom
HAT707_50,HAT707nonMR,Bond Dissociation Energies,Thermochemistry,MACE-OMOL-0-100M,-20.82999940624054,-21.213964387334094,-0.3839649810935555,0.3839649810935555,single_atom
HAT707_500,HAT707nonMR,Bond Dissociation Energies,Thermochemistry,MACE-OMOL-0-100M,40.13999830120239,43.59569348714878,3.4556951859463894,3.4556951859463894,single_atom
HAT707_502,HAT707nonMR,Bond Dissociation Energies,Thermochemistry,MACE-OMOL-0-100M,-7.689999965163118,-1.4777833463512977,6.21221661881182,6.21221661881182,single_atom
HAT707_503,HAT707nonMR,Bond Dissociation Energies,Thermochemistry,MACE-OMOL-0-100M,-35.5499986769589,-43.46835026343819,-7.9183515864792895,7.9183515864792895,single_atom
HAT707_504,HAT707nonMR,Bond Dissociation Energies,Thermochemistry,MACE-OMOL-0-100M,-22.209998788799595,-31.40543815532528,-9.195439366525687,9.195439366525687,single_atom
HAT707_507,HAT707nonMR,Bond Dissociation Energies,Thermochemistry,MACE-OMOL-0-100M,5.639999932017563,10.585128761803556,4.945128829785993,4.945128829785993,single_atom
HAT707_508,HAT707nonMR,Bond Dissociation Energies,Thermochemistry,MACE-OMOL-0-100M,-52.28999800788695,-52.59237880983175,-0.30238080194479977,0.30238080194479977,single_atom
HAT707_51,HAT707nonMR,Bond Dissociation Energies,Thermochemistry,MACE-OMOL-0-100M,-92.3099964173459,-99.77569889207516,-7.465702474729255,7.465702474729255,single_atom
HAT707_518,HAT707nonMR,Bond Dissociation Energies,Thermochemistry,MACE-OMOL-0-100M,6.719999585218013,4.768501576763856,-1.9514980084541573,1.9514980084541573,single_atom
HAT707_519,HAT707nonMR,Bond Dissociation Energies,Thermochemistry,MACE-OMOL-0-100M,48.42999772508273,44.93175236453949,-3.498245360543237,3.498245360543237,single_atom
HAT707_52,HAT707nonMR,Bond Dissociation Energies,Thermochemistry,MACE-OMOL-0-100M,-56.31999750981824,-60.40228600207321,-4.082288492254968,4.082288492254968,single_atom
HAT707_520,HAT707nonMR,Bond Dissociation Energies,Thermochemistry,MACE-OMOL-0-100M,-5.699999877889284,-15.374521098966934,-9.67452122107765,9.67452122107765,single_atom
HAT707_522,HAT707nonMR,Bond Dissociation Energies,Thermochemistry,MACE-OMOL-0-100M,-9.6899994159061,-12.152402241522886,-2.4624028256167865,2.4624028256167865,single_atom
HAT707_523,HAT707nonMR,Bond Dissociation Energies,Thermochemistry,MACE-OMOL-0-100M,23.07999925895849,22.09442486408169,-0.9855743948767994,0.9855743948767994,single_atom
HAT707_524,HAT707nonMR,Bond Dissociation Energies,Thermochemistry,MACE-OMOL-0-100M,-41.3099985007199,-43.97281882641517,-2.6628203256952716,2.6628203256952716,single_atom
HAT707_525,HAT707nonMR,Bond Dissociation Energies,Thermochemistry,MACE-OMOL-0-100M,-55.86999791578034,-60.41806321995847,-4.548065304178131,4.548065304178131,single_atom
HAT707_526,HAT707nonMR,Bond Dissociation Energies,Thermochemistry,MACE-OMOL-0-100M,-87.2999965444909,-107.92244150715516,-20.62244496266426,20.62244496266426,single_atom
HAT707_527,HAT707nonMR,Bond Dissociation Energies,Thermochemistry,MACE-OMOL-0-100M,14.89999910833352,11.07792292939559,-3.8220761789379285,3.8220761789379285,single_atom
HAT707_528,HAT707nonMR,Bond Dissociation Energies,Thermochemistry,MACE-OMOL-0-100M,-21.979998996291336,-25.590786643905155,-3.6107876476138188,3.6107876476138188,single_atom
HAT707_529,HAT707nonMR,Bond Dissociation Energies,Thermochemistry,MACE-OMOL-0-100M,-27.62999891928752,-29.31801987053992,-1.6880209512524011,1.6880209512524011,single_atom
HAT707_53,HAT707nonMR,Bond Dissociation Energies,Thermochemistry,MACE-OMOL-0-100M,-125.05999511025324,-129.79449314842208,-4.734498038168837,4.734498038168837,single_atom
HAT707_530,HAT707nonMR,Bond Dissociation Energies,Thermochemistry,MACE-OMOL-0-100M,-66.28999730063518,-64.67080715768248,1.6191901429527036,1.6191901429527036,single_atom
HAT707_531,HAT707nonMR,Bond Dissociation Energies,Thermochemistry,MACE-OMOL-0-100M,-113.97999506579052,-114.5086628662214,-0.5286678004308811,0.5286678004308811,single_atom
HAT707_532,HAT707nonMR,Bond Dissociation Energies,Thermochemistry,MACE-OMOL-0-100M,-108.07999536832884,-109.77216078493116,-1.6921654166023217,1.6921654166023217,single_atom
HAT707_533,HAT707nonMR,Bond Dissociation Energies,Thermochemistry,MACE-OMOL-0-100M,-113.57999542664574,-115.25862490267068,-1.6786294760249376,1.6786294760249376,single_atom
HAT707_534,HAT707nonMR,Bond Dissociation Energies,Thermochemistry,MACE-OMOL-0-100M,-48.3199978243179,-51.27411228701047,-2.9541144626925657,2.9541144626925657,single_atom
HAT707_535,HAT707nonMR,Bond Dissociation Energies,Thermochemistry,MACE-OMOL-0-100M,-96.40999585612754,-96.52477890246531,-0.11478304633777725,0.11478304633777725,single_atom
HAT707_536,HAT707nonMR,Bond Dissociation Energies,Thermochemistry,MACE-OMOL-0-100M,-61.51999721126704,-63.51270908607329,-1.992711874806254,1.992711874806254,single_atom
HAT707_537,HAT707nonMR,Bond Dissociation Energies,Thermochemistry,MACE-OMOL-0-100M,-118.46999540775732,-115.17995593679176,3.290039470965567,3.290039470965567,single_atom
HAT707_538,HAT707nonMR,Bond Dissociation Energies,Thermochemistry,MACE-OMOL-0-100M,-129.74999464428296,-137.6799336128301,-7.929938968547134,7.929938968547134,single_atom
HAT707_539,HAT707nonMR,Bond Dissociation Energies,Thermochemistry,MACE-OMOL-0-100M,-98.07999623208552,-102.06308867752024,-3.983092445434721,3.983092445434721,single_atom
HAT707_54,HAT707nonMR,Bond Dissociation Energies,Thermochemistry,MACE-OMOL-0-100M,11.709999476115794,10.883291237390052,-0.8267082387257414,0.8267082387257414,single_atom
HAT707_540,HAT707nonMR,Bond Dissociation Energies,Thermochemistry,MACE-OMOL-0-100M,-64.96999723643837,-66.49061605401928,-1.5206188175809103,1.5206188175809103,single_atom
HAT707_541,HAT707nonMR,Bond Dissociation Energies,Thermochemistry,MACE-OMOL-0-100M,-127.60999469232983,-137.59341410236976,-9.983419410039929,9.983419410039929,single_atom
HAT707_542,HAT707nonMR,Bond Dissociation Energies,Thermochemistry,MACE-OMOL-0-100M,-194.27999227766205,-192.9522254698772,1.3277668077848546,1.3277668077848546,single_atom
HAT707_543,HAT707nonMR,Bond Dissociation Energies,Thermochemistry,MACE-OMOL-0-100M,-62.86999724839971,-89.28026104583658,-26.41026379743687,26.41026379743687,single_atom
HAT707_544,HAT707nonMR,Bond Dissociation Energies,Thermochemistry,MACE-OMOL-0-100M,-41.159998008531126,-42.791922719488845,-1.631924710957719,1.631924710957719,single_atom
HAT707_545,HAT707nonMR,Bond Dissociation Energies,Thermochemistry,MACE-OMOL-0-100M,-100.97999612592326,-123.08856403482548,-22.108567908902216,22.108567908902216,single_atom
HAT707_548,HAT707nonMR,Bond Dissociation Energies,Thermochemistry,MACE-OMOL-0-100M,29.32999864067189,26.256387956143325,-3.073610684528564,3.073610684528564,single_atom
HAT707_549,HAT707nonMR,Bond Dissociation Energies,Thermochemistry,MACE-OMOL-0-100M,-2.8799999118805024,4.362756099522667,7.242756011403169,7.242756011403169,single_atom
HAT707_55,HAT707nonMR,Bond Dissociation Energies,Thermochemistry,MACE-OMOL-0-100M,-23.20999914168056,-24.829813378603724,-1.6198142369231654,1.6198142369231654,single_atom
HAT707_550,HAT707nonMR,Bond Dissociation Energies,Thermochemistry,MACE-OMOL-0-100M,-58.02999784969072,-58.661825701888496,-0.6318278521977732,0.6318278521977732,single_atom
HAT707_551,HAT707nonMR,Bond Dissociation Energies,Thermochemistry,MACE-OMOL-0-100M,-65.00999720035286,-68.04374197612434,-3.0337447757714813,3.0337447757714813,single_atom
HAT707_552,HAT707nonMR,Bond Dissociation Energies,Thermochemistry,MACE-OMOL-0-100M,-69.50999690578877,-69.75731853764691,-0.24732163185814215,0.24732163185814215,single_atom
HAT707_553,HAT707nonMR,Bond Dissociation Energies,Thermochemistry,MACE-OMOL-0-100M,-63.25999752407538,-70.10044136371077,-6.840443839635391,6.840443839635391,single_atom
HAT707_554,HAT707nonMR,Bond Dissociation Energies,Thermochemistry,MACE-OMOL-0-100M,-79.90999693619585,-98.68771203916312,-18.777715102967264,18.777715102967264,single_atom
HAT707_555,HAT707nonMR,Bond Dissociation Energies,Thermochemistry,MACE-OMOL-0-100M,-44.349998268258325,-48.83337473608494,-4.483376467826616,4.483376467826616,single_atom
HAT707_556,HAT707nonMR,Bond Dissociation Energies,Thermochemistry,MACE-OMOL-0-100M,-69.91999716342167,-69.77991223272686,0.14008493069481176,0.14008493069481176,single_atom
HAT707_557,HAT707nonMR,Bond Dissociation Energies,Thermochemistry,MACE-OMOL-0-100M,-119.71999490759433,-127.70012571578386,-7.980130808189529,7.980130808189529,single_atom
HAT707_558,HAT707nonMR,Bond Dissociation Energies,Thermochemistry,MACE-OMOL-0-100M,-39.07999862995919,-39.69212705299388,-0.6121284230346902,0.6121284230346902,single_atom
HAT707_559,HAT707nonMR,Bond Dissociation Energies,Thermochemistry,MACE-OMOL-0-100M,-20.87999936113364,-20.24496369154192,0.6350356695917192,0.6350356695917192,single_atom
HAT707_56,HAT707nonMR,Bond Dissociation Energies,Thermochemistry,MACE-OMOL-0-100M,-185.0999924016656,-198.32863732312103,-13.228644921455441,13.228644921455441,single_atom
HAT707_560,HAT707nonMR,Bond Dissociation Energies,Thermochemistry,MACE-OMOL-0-100M,-68.70999699998968,-65.31844052504199,3.3915564749476914,3.3915564749476914,single_atom
HAT707_561,HAT707nonMR,Bond Dissociation Energies,Thermochemistry,MACE-OMOL-0-100M,-61.01999766233604,-63.84065717873264,-2.820659516396603,2.820659516396603,single_atom
HAT707_562,HAT707nonMR,Bond Dissociation Energies,Thermochemistry,MACE-OMOL-0-100M,-3.049999758517045,-8.983619730541909,-5.933619972024864,5.933619972024864,single_atom
HAT707_563,HAT707nonMR,Bond Dissociation Energies,Thermochemistry,MACE-OMOL-0-100M,23.75999927301414,20.26526887550837,-3.494730397505773,3.494730397505773,single_atom
HAT707_564,HAT707nonMR,Bond Dissociation Energies,Thermochemistry,MACE-OMOL-0-100M,-55.37999773031848,-53.25552841697103,2.124469313347447,2.124469313347447,single_atom
HAT707_57,HAT707nonMR,Bond Dissociation Energies,Thermochemistry,MACE-OMOL-0-100M,-87.99999654050376,-91.57206164967644,-3.5720651091726836,3.5720651091726836,single_atom
HAT707_578,HAT707nonMR,Bond Dissociation Energies,Thermochemistry,MACE-OMOL-0-100M,-6.4299998468380295,-12.49013426032059,-6.06013441348256,6.06013441348256,single_atom
HAT707_579,HAT707nonMR,Bond Dissociation Energies,Thermochemistry,MACE-OMOL-0-100M,2.8799999118805024,-4.362756099522667,-7.242756011403169,7.242756011403169,single_atom
HAT707_58,HAT707nonMR,Bond Dissociation Energies,Thermochemistry,MACE-OMOL-0-100M,-84.48999656946073,-80.00584555501936,4.484151014441366,4.484151014441366,single_atom
HAT707_589,HAT707nonMR,Bond Dissociation Energies,Thermochemistry,MACE-OMOL-0-100M,-54.05999766612167,-57.89619937329149,-3.8362017071698205,3.8362017071698205,single_atom
HAT707_59,HAT707nonMR,Bond Dissociation Energies,Thermochemistry,MACE-OMOL-0-100M,-119.12999481234624,-116.18802287313116,2.9419719392150796,2.9419719392150796,single_atom
HAT707_590,HAT707nonMR,Bond Dissociation Energies,Thermochemistry,MACE-OMOL-0-100M,-84.41999663261038,-112.28519760663588,-27.8652009740255,27.8652009740255,single_atom
HAT707_60,HAT707nonMR,Bond Dissociation Energies,Thermochemistry,MACE-OMOL-0-100M,-85.83999660659339,-95.93261142692272,-10.09261482032933,10.09261482032933,single_atom
HAT707_61,HAT707nonMR,Bond Dissociation Energies,Thermochemistry,MACE-OMOL-0-100M,-175.50999289554568,-185.0935496860413,-9.583556790495635,9.583556790495635,single_atom
HAT707_615,HAT707nonMR,Bond Dissociation Energies,Thermochemistry,MACE-OMOL-0-100M,0.0,4.447069287795769,4.447069287795769,4.447069287795769,single_atom
HAT707_616,HAT707nonMR,Bond Dissociation Energies,Thermochemistry,MACE-OMOL-0-100M,-124.72999478044932,-141.95617020180853,-17.226175421359216,17.226175421359216,single_atom
HAT707_617,HAT707nonMR,Bond Dissociation Energies,Thermochemistry,MACE-OMOL-0-100M,-87.5099963550419,-89.07441874859009,-1.5644223935481847,1.5644223935481847,single_atom
HAT707_618,HAT707nonMR,Bond Dissociation Energies,Thermochemistry,MACE-OMOL-0-100M,-191.3999923657816,-197.3149815693789,-5.914989203597287,5.914989203597287,single_atom
HAT707_62,HAT707nonMR,Bond Dissociation Energies,Thermochemistry,MACE-OMOL-0-100M,-152.51999355539476,-151.29142279449312,1.228570760901647,1.228570760901647,single_atom
HAT707_620,HAT707nonMR,Bond Dissociation Energies,Thermochemistry,MACE-OMOL-0-100M,-9.13999991208199,-24.104842617220164,-14.964842705138174,14.964842705138174,single_atom
HAT707_621,HAT707nonMR,Bond Dissociation Energies,Thermochemistry,MACE-OMOL-0-100M,-82.66999632882344,-77.95640720466459,4.713589124158858,4.713589124158858,single_atom
HAT707_622,HAT707nonMR,Bond Dissociation Energies,Thermochemistry,MACE-OMOL-0-100M,-63.59999721734846,-86.39587420719025,-22.795876989841787,22.795876989841787,single_atom
HAT707_623,HAT707nonMR,Bond Dissociation Energies,Thermochemistry,MACE-OMOL-0-100M,-112.33999529027788,-131.30723182801302,-18.967236537735133,18.967236537735133,single_atom
HAT707_63,HAT707nonMR,Bond Dissociation Energies,Thermochemistry,MACE-OMOL-0-100M,-146.09999369953536,-147.1483774001433,-1.0483837006079284,1.0483837006079284,single_atom
HAT707_64,HAT707nonMR,Bond Dissociation Energies,Thermochemistry,MACE-OMOL-0-100M,-97.12999583409766,-120.12397355467664,-22.993977720578982,22.993977720578982,single_atom
HAT707_642,HAT707nonMR,Bond Dissociation Energies,Thermochemistry,MACE-OMOL-0-100M,-91.25999610957184,-106.90637983230872,-15.646383722736871,15.646383722736871,single_atom
HAT707_644,HAT707nonMR,Bond Dissociation Energies,Thermochemistry,MACE-OMOL-0-100M,-81.27999632777627,-77.9985800259354,3.2814163018408777,3.2814163018408777,single_atom
HAT707_645,HAT707nonMR,Bond Dissociation Energies,Thermochemistry,MACE-OMOL-0-100M,39.48999826008261,40.48879585702723,0.9987975969446197,0.9987975969446197,single_atom
HAT707_646,HAT707nonMR,Bond Dissociation Energies,Thermochemistry,MACE-OMOL-0-100M,-131.06999470847975,-135.91879350901337,-4.848798800533615,4.848798800533615,single_atom
HAT707_647,HAT707nonMR,Bond Dissociation Energies,Thermochemistry,MACE-OMOL-0-100M,-7.129999842850914,-12.74414690637671,-5.614147063525795,5.614147063525795,single_atom
HAT707_65,HAT707nonMR,Bond Dissociation Energies,Thermochemistry,MACE-OMOL-0-100M,-98.24999607872208,-91.81919654630876,6.430799532413317,6.430799532413317,single_atom
HAT707_651,HAT707nonMR,Bond Dissociation Energies,Thermochemistry,MACE-OMOL-0-100M,-58.13999775045554,-68.20341327821336,-10.063415527757819,10.063415527757819,single_atom
HAT707_652,HAT707nonMR,Bond Dissociation Energies,Thermochemistry,MACE-OMOL-0-100M,-0.7299999689487457,2.884386838646344,3.61438680759509,3.61438680759509,single_atom
HAT707_653,HAT707nonMR,Bond Dissociation Energies,Thermochemistry,MACE-OMOL-0-100M,-3.779999727465791,-6.099232891811671,-2.3192331643458806,2.3192331643458806,single_atom
HAT707_654,HAT707nonMR,Bond Dissociation Energies,Thermochemistry,MACE-OMOL-0-100M,-11.349999800885463,-8.218667793187556,3.1313320076979068,3.1313320076979068,single_atom
HAT707_655,HAT707nonMR,Bond Dissociation Energies,Thermochemistry,MACE-OMOL-0-100M,12.399999481150058,12.04660108232081,-0.3533983988292473,0.3533983988292473,single_atom
HAT707_656,HAT707nonMR,Bond Dissociation Energies,Thermochemistry,MACE-OMOL-0-100M,-52.499997818437976,-57.61828451640981,-5.118286697971833,5.118286697971833,single_atom
HAT707_657,HAT707nonMR,Bond Dissociation Energies,Thermochemistry,MACE-OMOL-0-100M,-129.79999459917607,-147.68535972144596,-17.88536512226989,17.88536512226989,single_atom
HAT707_66,HAT707nonMR,Bond Dissociation Energies,Thermochemistry,MACE-OMOL-0-100M,13.309999287713968,11.797538003396957,-1.5124612843170109,1.5124612843170109,single_atom
HAT707_67,HAT707nonMR,Bond Dissociation Energies,Thermochemistry,MACE-OMOL-0-100M,-49.04999779326665,-54.51525881310651,-5.465261019839865,5.465261019839865,single_atom
HAT707_68,HAT707nonMR,Bond Dissociation Energies,Thermochemistry,MACE-OMOL-0-100M,-15.119999537372635,-39.96656995497937,-24.846570417606735,24.846570417606735,single_atom
HAT707_69,HAT707nonMR,Bond Dissociation Energies,Thermochemistry,MACE-OMOL-0-100M,-90.20999642930724,-97.3071815325534,-7.0971851032461615,7.0971851032461615,single_atom
HAT707_70,HAT707nonMR,Bond Dissociation Energies,Thermochemistry,MACE-OMOL-0-100M,-22.13999885194925,-44.71467678809993,-22.574677936150678,22.574677936150678,single_atom
HAT707_73,HAT707nonMR,Bond Dissociation Energies,Thermochemistry,MACE-OMOL-0-100M,71.08999706128031,67.9171906315379,-3.1728064297424083,3.1728064297424083,single_atom
HAT707_74,HAT707nonMR,Bond Dissociation Energies,Thermochemistry,MACE-OMOL-0-100M,10.329999466047262,9.56103090449595,-0.7689685615513113,0.7689685615513113,single_atom
HAT707_75,HAT707nonMR,Bond Dissociation Energies,Thermochemistry,MACE-OMOL-0-100M,38.87999818287731,46.02355877488579,7.143560592008484,7.143560592008484,single_atom
HAT707_76,HAT707nonMR,Bond Dissociation Energies,Thermochemistry,MACE-OMOL-0-100M,-16.26999912742343,-17.001023026483427,-0.7310238990599984,0.7310238990599984,single_atom
HAT707_77,HAT707nonMR,Bond Dissociation Energies,Thermochemistry,MACE-OMOL-0-100M,-30.849998524441105,-28.706177700095765,2.1438208243453403,2.1438208243453403,single_atom
HAT707_78,HAT707nonMR,Bond Dissociation Energies,Thermochemistry,MACE-OMOL-0-100M,-57.28999788976335,-62.850241079170125,-5.560243189406776,5.560243189406776,single_atom
HAT707_79,HAT707nonMR,Bond Dissociation Energies,Thermochemistry,MACE-OMOL-0-100M,-64.2799972314041,-70.02687605785233,-5.746878826448238,5.746878826448238,single_atom
HAT707_80,HAT707nonMR,Bond Dissociation Energies,Thermochemistry,MACE-OMOL-0-100M,13.829999446111689,10.330145270569744,-3.4998541755419446,3.4998541755419446,single_atom
HAT707_81,HAT707nonMR,Bond Dissociation Energies,Thermochemistry,MACE-OMOL-0-100M,-66.70999754924671,-73.03141909579392,-6.321421546547214,6.321421546547214,single_atom
HAT707_82,HAT707nonMR,Bond Dissociation Energies,Thermochemistry,MACE-OMOL-0-100M,-59.45999781465235,-65.11101412438194,-5.651016309729592,5.651016309729592,single_atom
HAT707_83,HAT707nonMR,Bond Dissociation Energies,Thermochemistry,MACE-OMOL-0-100M,-53.98999772927132,-57.5800559294856,-3.59005820021428,3.59005820021428,single_atom
HAT707_84,HAT707nonMR,Bond Dissociation Energies,Thermochemistry,MACE-OMOL-0-100M,-43.07999815895462,-47.01701173879221,-3.93701357983759,3.93701357983759,single_atom
HAT707_85,HAT707nonMR,Bond Dissociation Energies,Thermochemistry,MACE-OMOL-0-100M,9.329999740675772,8.616568709068133,-0.7134310316076391,0.7134310316076391,single_atom
HAT707_86,HAT707nonMR,Bond Dissociation Energies,Thermochemistry,MACE-OMOL-0-100M,-130.55999454106066,-129.8059137057023,0.7540808353583657,0.7540808353583657,single_atom
HAT707_87,HAT707nonMR,Bond Dissociation Energies,Thermochemistry,MACE-OMOL-0-100M,-33.389998743048515,-39.820328313848194,-6.430329570799678,6.430329570799678,single_atom
HAT707_88,HAT707nonMR,Bond Dissociation Energies,Thermochemistry,MACE-OMOL-0-100M,-135.5199944590226,-145.89604531963266,-10.376050860610064,10.376050860610064,single_atom
HAT707_89,HAT707nonMR,Bond Dissociation Energies,Thermochemistry,MACE-OMOL-0-100M,15.579999122389165,8.273445883004273,-7.3065532393848915,7.3065532393848915,single_atom
HAT707_90,HAT707nonMR,Bond Dissociation Energies,Thermochemistry,MACE-OMOL-0-100M,2.969999830688084,-8.48014048506273,-11.450140315750815,11.450140315750815,single_atom
HAT707_91,HAT707nonMR,Bond Dissociation Energies,Thermochemistry,MACE-OMOL-0-100M,-1.0699996622218313,-20.31382479239564,-19.243825130173807,19.243825130173807,single_atom
HAT707_92,HAT707nonMR,Bond Dissociation Energies,Thermochemistry,MACE-OMOL-0-100M,-68.78999692781865,-70.89141944145756,-2.1014225136389086,2.1014225136389086,single_atom
HAT707_93,HAT707nonMR,Bond Dissociation Energies,Thermochemistry,MACE-OMOL-0-100M,3.400000070278225,0.4803163547722762,-2.9196837155059487,2.9196837155059487,single_atom
HAT707_94,HAT707nonMR,Bond Dissociation Energies,Thermochemistry,MACE-OMOL-0-100M,8.919999483042872,8.593975013956728,-0.32602446908614446,0.32602446908614446,single_atom
HAT707_95,HAT707nonMR,Bond Dissociation Energies,Thermochemistry,MACE-OMOL-0-100M,-48.499998289442544,-55.53033508042401,-7.030336790981465,7.030336790981465,single_atom
HAT707_96,HAT707nonMR,Bond Dissociation Energies,Thermochemistry,MACE-OMOL-0-100M,-40.87999826112976,-49.32623846911076,-8.446240207981006,8.446240207981006,single_atom
HAT707_97,HAT707nonMR,Bond Dissociation Energies,Thermochemistry,MACE-OMOL-0-100M,-97.51999610977332,-101.30180693252984,-3.781810822756526,3.781810822756526,single_atom
HAT707_98,HAT707nonMR,Bond Dissociation Energies,Thermochemistry,MACE-OMOL-0-100M,-20.81999941526192,-42.76297162540613,-21.942972210144212,21.942972210144212,single_atom
HAT707_99,HAT707nonMR,Bond Dissociation Energies,Thermochemistry,MACE-OMOL-0-100M,-22.7199989562187,-26.606936248010413,-3.886937291791714,3.886937291791714,single_atom
HNBrBDE18_1,HNBrBDE18,Bond Dissociation Energies,Thermochemistry,MACE-OMOL-0-100M,58.89101112916212,51.95470723799934,-6.936303891162787,6.936303891162787,single_atom
HNBrBDE18_10,HNBrBDE18,Bond Dissociation Energies,Thermochemistry,MACE-OMOL-0-100M,62.47609700134277,56.86407401282757,-5.6120229885152,5.6120229885152,single_atom
HNBrBDE18_11,HNBrBDE18,Bond Dissociation Energies,Thermochemistry,MACE-OMOL-0-100M,61.20936621639891,54.95043854100884,-6.258927675390069,6.258927675390069,single_atom
HNBrBDE18_12,HNBrBDE18,Bond Dissociation Energies,Thermochemistry,MACE-OMOL-0-100M,60.70745464610045,54.179543588487725,-6.527911057612727,6.527911057612727,single_atom
HNBrBDE18_13,HNBrBDE18,Bond Dissociation Energies,Thermochemistry,MACE-OMOL-0-100M,63.38431844605719,56.34395874223272,-7.040359703824471,7.040359703824471,single_atom
HNBrBDE18_14,HNBrBDE18,Bond Dissociation Energies,Thermochemistry,MACE-OMOL-0-100M,59.77533199302855,52.62849466775385,-7.146837325274703,7.146837325274703,single_atom
HNBrBDE18_15,HNBrBDE18,Bond Dissociation Energies,Thermochemistry,MACE-OMOL-0-100M,58.74760764407415,51.85457706849431,-6.893030575579843,6.893030575579843,single_atom
HNBrBDE18_16,HNBrBDE18,Bond Dissociation Energies,Thermochemistry,MACE-OMOL-0-100M,68.2122345223337,61.37674349905488,-6.83549102327882,6.83549102327882,single_atom
HNBrBDE18_17,HNBrBDE18,Bond Dissociation Energies,Thermochemistry,MACE-OMOL-0-100M,47.94454886583622,39.94293764189362,-8.001611223942596,8.001611223942596,single_atom
HNBrBDE18_18,HNBrBDE18,Bond Dissociation Energies,Thermochemistry,MACE-OMOL-0-100M,49.54588715514256,41.2425695077424,-8.303317647400156,8.303317647400156,single_atom
HNBrBDE18_2,HNBrBDE18,Bond Dissociation Energies,Thermochemistry,MACE-OMOL-0-100M,67.04110606078183,-54.421719381954944,-121.46282544273677,121.46282544273677,single_atom
HNBrBDE18_3,HNBrBDE18,Bond Dissociation Energies,Thermochemistry,MACE-OMOL-0-100M,55.71223450388797,48.28138862453237,-7.430845879355601,7.430845879355601,single_atom
HNBrBDE18_4,HNBrBDE18,Bond Dissociation Energies,Thermochemistry,MACE-OMOL-0-100M,55.83173740812796,-58.72751364824302,-114.55925105637098,114.55925105637098,single_atom
HNBrBDE18_5,HNBrBDE18,Bond Dissociation Energies,Thermochemistry,MACE-OMOL-0-100M,52.55735908697128,44.90848458535145,-7.648874501619829,7.648874501619829,single_atom
HNBrBDE18_6,HNBrBDE18,Bond Dissociation Energies,Thermochemistry,MACE-OMOL-0-100M,48.70936682546265,-62.237901616396215,-110.94726844185887,110.94726844185887,single_atom
HNBrBDE18_7,HNBrBDE18,Bond Dissociation Energies,Thermochemistry,MACE-OMOL-0-100M,56.978965288831816,50.73316598511865,-6.245799303713163,6.245799303713163,single_atom
HNBrBDE18_8,HNBrBDE18,Bond Dissociation Energies,Thermochemistry,MACE-OMOL-0-100M,45.17208211497801,38.41264012588781,-6.759441989090199,6.759441989090199,single_atom
HNBrBDE18_9,HNBrBDE18,Bond Dissociation Energies,Thermochemistry,MACE-OMOL-0-100M,44.57456822128756,37.53826809489512,-7.036300126392433,7.036300126392433,single_atom
EA50_1,EA50,Electron Affinities,Thermochemistry,MACE-OMOL-0-100M,14.528145151628726,-72.75394862597071,-87.28209377759943,87.28209377759943,single_atom
EA50_10,EA50,Electron Affinities,Thermochemistry,MACE-OMOL-0-100M,17.75662178226739,9.581079497938914,-8.175542284328477,8.175542284328477,single_atom
EA50_2,EA50,Electron Affinities,Thermochemistry,MACE-OMOL-0-100M,6.918164567088265,8.783159384586888,1.8649948174986228,1.8649948174986228,single_atom
EA50_3,EA50,Electron Affinities,Thermochemistry,MACE-OMOL-0-100M,12.913906522554656,-53.86356255860184,-66.7774690811565,66.7774690811565,single_atom
EA50_4,EA50,Electron Affinities,Thermochemistry,MACE-OMOL-0-100M,10.838457215179126,-69.27945116866661,-80.11790838384573,80.11790838384573,single_atom
EA50_5,EA50,Electron Affinities,Thermochemistry,MACE-OMOL-0-100M,83.94039427913368,79.90809717167724,-4.0322971074564435,4.0322971074564435,single_atom
EA50_6,EA50,Electron Affinities,Thermochemistry,MACE-OMOL-0-100M,32.976583578857785,-8.393882336826623,-41.370465915684406,41.370465915684406,single_atom
EA50_7,EA50,Electron Affinities,Thermochemistry,MACE-OMOL-0-100M,48.1965447479387,40.96702976214576,-7.229514985792939,7.229514985792939,single_atom
EA50_8,EA50,Electron Affinities,Thermochemistry,MACE-OMOL-0-100M,81.63433963260744,74.87244800358089,-6.76189162902655,6.76189162902655,single_atom
EA50_9,EA50,Electron Affinities,Thermochemistry,MACE-OMOL-0-100M,9.22421921361453,-5.493062860440872,-14.717282074055403,14.717282074055403,single_atom
G21EA_1,G21EA,Electron Affinities,Thermochemistry,MACE-OMOL-0-100M,29.435340538610763,-10.427274768463702,-39.86261530707446,39.86261530707446,single_atom
G21EA_2,G21EA,Electron Affinities,Thermochemistry,MACE-OMOL-0-100M,33.98432175106338,26.39267652853089,-7.591645222532492,7.591645222532492,single_atom
G21EA_3,G21EA,Electron Affinities,Thermochemistry,MACE-OMOL-0-100M,79.21368481336201,78.16795369895443,-1.0457311144075732,1.0457311144075732,single_atom
G21EA_4,G21EA,Electron Affinities,Thermochemistry,MACE-OMOL-0-100M,32.69559613154425,0.6378832457129299,-32.05771288583132,32.05771288583132,single_atom
G21EA_5,G21EA,Electron Affinities,Thermochemistry,MACE-OMOL-0-100M,17.059833379742745,16.241338820171624,-0.8184945595711213,0.8184945595711213,single_atom
G21EA_6,G21EA,Electron Affinities,Thermochemistry,MACE-OMOL-0-100M,48.2112021142338,43.751791613355344,-4.459410500878455,4.459410500878455,single_atom
G21EA_7,G21EA,Electron Affinities,Thermochemistry,MACE-OMOL-0-100M,84.40050995340292,79.90809717167724,-4.492412781725676,4.492412781725676,single_atom
BH76RC_1,BH76RC,General Reaction Energies,Thermochemistry,MACE-OMOL-0-100M,-64.91004874634352,-63.5989286141472,1.3111201321963222,1.3111201321963222,single_atom
BH76RC_10,BH76RC,General Reaction Energies,Thermochemistry,MACE-OMOL-0-100M,-19.550014993695065,-19.64644613133908,-0.09643113764401434,0.09643113764401434,single_atom
BH76RC_11,BH76RC,General Reaction Energies,Thermochemistry,MACE-OMOL-0-100M,-40.02003041244213,-41.19120515712124,-1.1711747446791065,1.1711747446791065,single_atom
BH76RC_14,BH76RC,General Reaction Energies,Thermochemistry,MACE-OMOL-0-100M,-1.9000014234852007,-4.02634310123078,-2.1263416777455793,2.1263416777455793,single_atom
BH76RC_15,BH76RC,General Reaction Energies,Thermochemistry,MACE-OMOL-0-100M,-16.390012196865825,-17.006048672384324,-0.6160364755184986,0.6160364755184986,single_atom
BH76RC_16,BH76RC,General Reaction Energies,Thermochemistry,MACE-OMOL-0-100M,-3.1100022144266624,-1.997245797023004,1.1127564174036584,1.1127564174036584,single_atom
BH76RC_19,BH76RC,General Reaction Energies,Thermochemistry,MACE-OMOL-0-100M,-5.010003637911863,-6.02358889822261,-1.0135852603107471,1.0135852603107471,single_atom
BH76RC_2,BH76RC,General Reaction Energies,Thermochemistry,MACE-OMOL-0-100M,-26.320020181391445,-25.74597985004348,0.5740403313479661,0.5740403313479661,single_atom
BH76RC_21,BH76RC,General Reaction Energies,Thermochemistry,MACE-OMOL-0-100M,-32.22002427141945,-34.016608366371585,-1.7965840949521379,1.7965840949521379,single_atom
BH76RC_22,BH76RC,General Reaction Energies,Thermochemistry,MACE-OMOL-0-100M,5.440003877502003,-1.695286660697885,-7.135290538199889,7.135290538199889,single_atom
BH76RC_23,BH76RC,General Reaction Energies,Thermochemistry,MACE-OMOL-0-100M,-21.74001615556025,-22.56539889628844,-0.8253827407281875,0.8253827407281875,single_atom
BH76RC_24,BH76RC,General Reaction Energies,Thermochemistry,MACE-OMOL-0-100M,-2.3200016720967214,3.692532457721176,6.012534129817897,6.012534129817897,single_atom
BH76RC_25,BH76RC,General Reaction Energies,Thermochemistry,MACE-OMOL-0-100M,-13.260010000481923,-11.80368790749874,1.456322092983184,1.456322092983184,single_atom
BH76RC_26,BH76RC,General Reaction Energies,Thermochemistry,MACE-OMOL-0-100M,0.4200002486115208,-7.718875558946713,-8.138875807558234,8.138875807558234,single_atom
BH76RC_3,BH76RC,General Reaction Energies,Thermochemistry,MACE-OMOL-0-100M,-103.28007813727544,-98.26819300336427,5.011885133911164,5.011885133911164,single_atom
BH76RC_4,BH76RC,General Reaction Energies,Thermochemistry,MACE-OMOL-0-100M,-52.64003973527342,-52.61712976639664,0.02290996887678176,0.02290996887678176,single_atom
BH76RC_5,BH76RC,General Reaction Energies,Thermochemistry,MACE-OMOL-0-100M,-32.16002432554773,-34.06336417176048,-1.9033398462127522,1.9033398462127522,single_atom
BH76RC_7,BH76RC,General Reaction Energies,Thermochemistry,MACE-OMOL-0-100M,-20.32001555406776,-19.280204039446826,1.0398115146209328,1.0398115146209328,single_atom
BH76RC_9,BH76RC,General Reaction Energies,Thermochemistry,MACE-OMOL-0-100M,3.690002946205579,5.192758945611299,1.50275599940572,1.50275599940572,single_atom
RC21_10,RC21,General Reaction Energies,Thermochemistry,MACE-OMOL-0-100M,45.16003393307605,-105.95714938504368,-151.11718331811971,151.11718331811971,outlier_gt_100
RC21_11,RC21,General Reaction Energies,Thermochemistry,MACE-OMOL-0-100M,22.240016959510207,-116.67676330188586,-138.91678026139607,138.91678026139607,outlier_gt_100
RC21_15,RC21,General Reaction Energies,Thermochemistry,MACE-OMOL-0-100M,28.120021067580968,-73.08921253524674,-101.20923360282771,101.20923360282771,outlier_gt_100
RC21_17,RC21,General Reaction Energies,Thermochemistry,MACE-OMOL-0-100M,50.66003838395925,-84.90272788984359,-135.56276627380282,135.56276627380282,outlier_gt_100
RC21_2,RC21,General Reaction Energies,Thermochemistry,MACE-OMOL-0-100M,26.66001987466453,-76.49612327251432,-103.15614314717885,103.15614314717885,outlier_gt_100
RC21_3,RC21,General Reaction Energies,Thermochemistry,MACE-OMOL-0-100M,24.74001846922209,234.4730533725061,209.733034903284,209.733034903284,outlier_gt_100
RC21_5,RC21,General Reaction Energies,Thermochemistry,MACE-OMOL-0-100M,57.93004374809611,-80.53729739509113,-138.46734114318724,138.46734114318724,single_atom
RC21_9,RC21,General Reaction Energies,Thermochemistry,MACE-OMOL-0-100M,49.85003785967208,-57.61790192298029,-107.46793978265237,107.46793978265237,single_atom
G21IP_1,G21IP,Ionization Potentials,Thermochemistry,MACE-OMOL-0-100M,314.90023800463126,311.70003788483933,-3.20020011979193,3.20020011979193,single_atom
G21IP_10,G21IP,Ionization Potentials,Thermochemistry,MACE-OMOL-0-100M,175.80566343704274,111.72437197945864,-64.0812914575841,64.0812914575841,single_atom
G21IP_11,G21IP,Ionization Potentials,Thermochemistry,MACE-OMOL-0-100M,137.8464212006242,230.3282959359404,92.48187473531618,92.48187473531618,single_atom
G21IP_12,G21IP,Ionization Potentials,Thermochemistry,MACE-OMOL-0-100M,188.2112534000972,60.03601990205552,-128.17523349804168,128.17523349804168,single_atom
G21IP_13,G21IP,Ionization Potentials,Thermochemistry,MACE-OMOL-0-100M,242.8497106347295,-13.585655458250509,-256.43536609298,256.43536609298,single_atom
G21IP_14,G21IP,Ionization Potentials,Thermochemistry,MACE-OMOL-0-100M,238.3966530305196,-8.675713264513023,-247.07236629503262,247.07236629503262,single_atom
G21IP_15,G21IP,Ionization Potentials,Thermochemistry,MACE-OMOL-0-100M,299.3854138987464,-12.812446305463514,-312.1978602042099,312.1978602042099,single_atom
G21IP_16,G21IP,Ionization Potentials,Thermochemistry,MACE-OMOL-0-100M,296.9137444417883,129.9368427344716,-166.9769017073167,166.9769017073167,outlier_gt_100
G21IP_17,G21IP,Ionization Potentials,Thermochemistry,MACE-OMOL-0-100M,235.8685039558393,116.65554077806328,-119.212963177776,119.212963177776,outlier_gt_100
G21IP_18,G21IP,Ionization Potentials,Thermochemistry,MACE-OMOL-0-100M,301.10899040609013,-13.353696958316585,-314.4626873644067,314.4626873644067,outlier_gt_100
G21IP_19,G21IP,Ionization Potentials,Thermochemistry,MACE-OMOL-0-100M,292.6758924667262,2.8187904330318214,-289.8571020336944,289.8571020336944,outlier_gt_100
G21IP_2,G21IP,Ionization Potentials,Thermochemistry,MACE-OMOL-0-100M,124.21389271090446,129.19341677224708,4.979524061342616,4.979524061342616,single_atom
G21IP_20,G21IP,Ionization Potentials,Thermochemistry,MACE-OMOL-0-100M,371.6999006188736,2.8653106363180574,-368.83458998255554,368.83458998255554,outlier_gt_100
G21IP_22,G21IP,Ionization Potentials,Thermochemistry,MACE-OMOL-0-100M,234.942753033967,64.97497237614878,-169.9677806578182,169.9677806578182,outlier_gt_100
G21IP_23,G21IP,Ionization Potentials,Thermochemistry,MACE-OMOL-0-100M,226.7156407270485,28.79198609850013,-197.92365462854838,197.92365462854838,outlier_gt_100
G21IP_25,G21IP,Ionization Potentials,Thermochemistry,MACE-OMOL-0-100M,240.14359610814893,-12.865073444013078,-253.00866955216202,253.00866955216202,outlier_gt_100
G21IP_26,G21IP,Ionization Potentials,Thermochemistry,MACE-OMOL-0-100M,295.46220835167696,11.39060591785701,-284.07160243382,284.07160243382,outlier_gt_100
G21IP_27,G21IP,Ionization Potentials,Thermochemistry,MACE-OMOL-0-100M,264.5627802784546,87.93871673315428,-176.62406354530034,176.62406354530034,outlier_gt_100
G21IP_28,G21IP,Ionization Potentials,Thermochemistry,MACE-OMOL-0-100M,243.7968119389472,118.84479472045156,-124.95201721849564,124.95201721849564,outlier_gt_100
G21IP_29,G21IP,Ionization Potentials,Thermochemistry,MACE-OMOL-0-100M,323.1163513254884,42.25586328581765,-280.8604880396707,280.8604880396707,outlier_gt_100
G21IP_3,G21IP,Ionization Potentials,Thermochemistry,MACE-OMOL-0-100M,214.8551500463352,61.30923549116599,-153.54591455516922,153.54591455516922,single_atom
G21IP_34,G21IP,Ionization Potentials,Thermochemistry,MACE-OMOL-0-100M,265.94059718306295,99.09310858644636,-166.84748859661659,166.84748859661659,outlier_gt_100
G21IP_35,G21IP,Ionization Potentials,Thermochemistry,MACE-OMOL-0-100M,292.6130517854654,90.16958657532996,-202.44346521013546,202.44346521013546,outlier_gt_100
G21IP_36,G21IP,Ionization Potentials,Thermochemistry,MACE-OMOL-0-100M,261.1541506978892,91.07022776933805,-170.08392292855115,170.08392292855115,outlier_gt_100
G21IP_4,G21IP,Ionization Potentials,Thermochemistry,MACE-OMOL-0-100M,191.49708941674075,-0.0652822123603408,-191.56237162910108,191.56237162910108,single_atom
G21IP_5,G21IP,Ionization Potentials,Thermochemistry,MACE-OMOL-0-100M,259.71308836840933,149.50636740974454,-110.20672095866479,110.20672095866479,single_atom
G21IP_6,G21IP,Ionization Potentials,Thermochemistry,MACE-OMOL-0-100M,335.58670465883216,-7.357106812147354,-342.94381147097954,342.94381147097954,single_atom
G21IP_7,G21IP,Ionization Potentials,Thermochemistry,MACE-OMOL-0-100M,314.02657601669125,-18.127185652907432,-332.1537616695987,332.1537616695987,single_atom
G21IP_8,G21IP,Ionization Potentials,Thermochemistry,MACE-OMOL-0-100M,402.1511488755327,-23.749775499284706,-425.9009243748174,425.9009243748174,single_atom
G21IP_9,G21IP,Ionization Potentials,Thermochemistry,MACE-OMOL-0-100M,118.13057490572878,126.43444850877552,8.303873603046739,8.303873603046739,single_atom
IP23_1,IP23,Ionization Potentials,Thermochemistry,MACE-OMOL-0-100M,362.9499624783957,100.17113586830644,-262.77882661008925,262.77882661008925,single_atom
IP23_10,IP23,Ionization Potentials,Thermochemistry,MACE-OMOL-0-100M,318.7659523887063,184.89703013439973,-133.86892225430657,133.86892225430657,outlier_gt_100
IP23_11,IP23,Ionization Potentials,Thermochemistry,MACE-OMOL-0-100M,261.85252042428846,98.776990938511,-163.07552948577745,163.07552948577745,outlier_gt_100
IP23_13,IP23,Ionization Potentials,Thermochemistry,MACE-OMOL-0-100M,293.72219799871704,0.88476111795983,-292.8374368807572,292.8374368807572,outlier_gt_100
IP23_14,IP23,Ionization Potentials,Thermochemistry,MACE-OMOL-0-100M,241.12108832370484,112.67785598689098,-128.44323233681388,128.44323233681388,outlier_gt_100
IP23_15,IP23,Ionization Potentials,Thermochemistry,MACE-OMOL-0-100M,294.4831956806654,9.851060920925663,-284.63213475973976,284.63213475973976,outlier_gt_100
IP23_16,IP23,Ionization Potentials,Thermochemistry,MACE-OMOL-0-100M,373.9037226769049,0.357749294145683,-373.54597338275926,373.54597338275926,outlier_gt_100
IP23_20,IP23,Ionization Potentials,Thermochemistry,MACE-OMOL-0-100M,496.5627761780404,196.72474565866813,-299.8380305193723,299.8380305193723,single_atom
IP23_21,IP23,Ionization Potentials,Thermochemistry,MACE-OMOL-0-100M,252.3976958715232,116.994738814986,-135.40295705653722,135.40295705653722,outlier_gt_100
IP23_22,IP23,Ionization Potentials,Thermochemistry,MACE-OMOL-0-100M,245.08750229062963,122.2993528026784,-122.78814948795123,122.78814948795123,outlier_gt_100
IP23_23,IP23,Ionization Potentials,Thermochemistry,MACE-OMOL-0-100M,295.5901023126041,139.31202185350995,-156.27808045909413,156.27808045909413,outlier_gt_100
IP23_3,IP23,Ionization Potentials,Thermochemistry,MACE-OMOL-0-100M,257.70162180953736,5.611005799957624,-252.09061600957972,252.09061600957972,outlier_gt_100
IP23_4,IP23,Ionization Potentials,Thermochemistry,MACE-OMOL-0-100M,307.443223522054,57.983352156792606,-249.4598713652614,249.4598713652614,outlier_gt_100
IP23_7,IP23,Ionization Potentials,Thermochemistry,MACE-OMOL-0-100M,252.6052408650117,114.04158518042593,-138.56365568458577,138.56365568458577,outlier_gt_100
IP23_8,IP23,Ionization Potentials,Thermochemistry,MACE-OMOL-0-100M,332.2333128547398,118.8578132681306,-213.37549958660918,213.37549958660918,outlier_gt_100
IP23_9,IP23,Ionization Potentials,Thermochemistry,MACE-OMOL-0-100M,322.2711556773296,42.57682306258252,-279.69433261474705,279.69433261474705,outlier_gt_100
IP30_14,IP30,Ionization Potentials,Thermochemistry,MACE-OMOL-0-100M,264.128596433201,158.0453226996985,-106.0832737335025,106.0832737335025,outlier_gt_100
IP30_16,IP30,Ionization Potentials,Thermochemistry,MACE-OMOL-0-100M,247.1883180409845,114.68764473532876,-132.50067330565577,132.50067330565577,outlier_gt_100
IP30_17,IP30,Ionization Potentials,Thermochemistry,MACE-OMOL-0-100M,216.0588845276688,78.26863175761291,-137.79025277005587,137.79025277005587,outlier_gt_100
IP30_18,IP30,Ionization Potentials,Thermochemistry,MACE-OMOL-0-100M,238.7781367476133,115.94967545197542,-122.82846129563788,122.82846129563788,outlier_gt_100
IP30_19,IP30,Ionization Potentials,Thermochemistry,MACE-OMOL-0-100M,265.3484999511526,140.89493540075898,-124.4535645503936,124.4535645503936,outlier_gt_100
IP30_2,IP30,Ionization Potentials,Thermochemistry,MACE-OMOL-0-100M,375.6793849806336,101.99470451184445,-273.6846804687891,273.6846804687891,outlier_gt_100
IP30_27,IP30,Ionization Potentials,Thermochemistry,MACE-OMOL-0-100M,307.45475400863984,134.10135528317,-173.35339872546984,173.35339872546984,outlier_gt_100
IP30_28,IP30,Ionization Potentials,Thermochemistry,MACE-OMOL-0-100M,310.26583455498434,134.2011935997693,-176.06464095521503,176.06464095521503,outlier_gt_100
IP30_29,IP30,Ionization Potentials,Thermochemistry,MACE-OMOL-0-100M,344.5291965914633,106.00270833770158,-238.52648825376173,238.52648825376173,outlier_gt_100
IP30_3,IP30,Ionization Potentials,Thermochemistry,MACE-OMOL-0-100M,379.25838150087793,54.29564521075234,-324.9627362901256,324.9627362901256,outlier_gt_100
IP30_30,IP30,Ionization Potentials,Thermochemistry,MACE-OMOL-0-100M,293.6184255019728,117.90919204609652,-175.7092334558763,175.7092334558763,outlier_gt_100
IP30_5,IP30,Ionization Potentials,Thermochemistry,MACE-OMOL-0-100M,265.2378091624568,85.25252542279456,-179.98528373966224,179.98528373966224,outlier_gt_100
IP30_6,IP30,Ionization Potentials,Thermochemistry,MACE-OMOL-0-100M,264.0156001746975,93.7833024152025,-170.232297759495,170.232297759495,outlier_gt_100
PA26_1,PA26,Proton Affinities,Thermochemistry,MACE-OMOL-0-100M,167.2001265217166,295.2482445701352,128.04811804841862,128.04811804841862,outlier_gt_100
PA26_19,PA26,Proton Affinities,Thermochemistry,MACE-OMOL-0-100M,188.30014199962625,332.51431044852984,144.2141684489036,144.2141684489036,outlier_gt_100
PA26_2,PA26,Proton Affinities,Thermochemistry,MACE-OMOL-0-100M,192.90014600741463,325.62561382223373,132.7254678148191,132.7254678148191,outlier_gt_100
PA26_7,PA26,Proton Affinities,Thermochemistry,MACE-OMOL-0-100M,157.40011904742252,278.73707687286947,121.33695782544694,121.33695782544694,outlier_gt_100
